1000 500
734 512
989 576
673 460
751 888
903 620
176 220
491 152
719 553
293 411
966 547
241 368
648 970
230 395
106 72
986 836
535 714
63 19
618 781
766 536
663 101
28 573
378 278
503 657
585 675
575 407
716 406
250 767
790 468
300 595
863 178
788 616
242 965
357 376
722 382
294 142
264 489
429 631
524 478
459 327
194 218
685 419
439 11
638 465
89 518
906 188
23 717
806 404
384 417
34 801
330 387
848 430
832 365
555 455
275 938
269 279
770 874
412 998
666 192
746 671
126 980
556 58
399 975
290 838
432 306
103 236
604 709
586 519
526 889
498 282
124 577
641 745
786 963
14 95
291 997
134 358
398 129
371 9
827 729
951 847
778 712
87 549
649 894
467 752
316 905
99 619
960 173
757 783
183 108
901 813
381 924
569 418
862 46
768 227
941 708
252 240
147 161
8 513
674 235
296 907
259 56
947 138
642 540
263 244
137 267
122 271
698 427
584 866
158 400
301 156
422 90
135 186
314 319
73 190
996 424
984 198
918 42
139 855
546 824
141 800
405 457
133 691
201 251
879 993
47 502
485 1
490 169
68 651
77 856
366 731
842 763
37 249
935 968
109 775
634 143
892 878
995 943
560 886
494 496
973 812
3 479
167 131
359 877
509 992
811 868
456 29
544 833
206 817
713 658
635 974
772 61
822 463
207 403
6 645
850 21
959 18
237 166
689 697
883 829
972 771
533 948
861 195
740 794
756 945
274 846
913 820
102 805
893 351
785 914
273 488
605 361
41 875
7 828
574 233
226 550
747 148
356 164
612 795
438 562
609 858
676 163
859 826
31 189
248 589
454 339
391 214
662 449
119 791
94 769
39 270
925 492
93 219
684 628
668 323
937 450
521 940
954 594
809 253
510 983
572 703
193 423
53 375
650 898
13 835
988 4
298 627
505 821
686 779
516 10
630 210
908 872
182 799
25 401
818 44
222 602
447 413
442 711
710 317
656 256
591 750
54 345
670 558
776 885
40 261
633 292
728 80
204 880
197 629
436 934
845 587
981 542
157 802
312 557
725 764
867 110
792 895
534 336
727 504
151 409
608 864
487 397
915 920
551 289
79 599
967 590
978 415
380 446
49 999
603 897
957 444
309 919
580 514
172 281
125 911
462 268
537 484
288 48
881 469
461 882
530 295
497 132
343 67
332 869
971 22
928 789
568 257
921 160
107 352
146 987
613 55
229 335
284 199
500 926
223 474
667 748
565 495
588 804
661 704
445 437
754 280
171 600
700 247
688 523
927 655
410 196
402 453
797 394
625 91
208 421
231 909
396 753
26 60
337 994
5 360
377 83
520 839
964 606
735 933
946 687
678 123
65 724
203 2
308 597
545 363
679 581
554 777
807 239
955 944
552 990
112 66
695 930
383 452
175 743
956 128
12 92
470 539
640 62
70 660
69 932
499 451
98 873
441 313
814 736
592 798
318 706
458 632
831 155
669 548
891 260
962 528
464 266
234 508
364 739
344 114
117 416
942 682
408 570
369 221
624 51
621 64
843 564
341 420
200 16
76 35
145 652
428 212
819 529
991 607
81 320
209 890
705 113
715 254
75 664
15 84
170 515
583 683
979 130
285 681
949 36
480 793
969 140
224 732
561 297
543 593
225 262
150 389
86 486
310 272
32 88
912 287
333 202
692 511
191 144
501 830
475 852
690 213
849 733
243 228
917 304
810 531
567 841
950 390
985 871
386 522
59 118
307 354
952 726
884 483
349 936
286 476
977 17
653 187
30 643
325 346
720 857
82 324
350 211
434 610
440 563
184 677
976 780
185 277
115 876
216 694
57 896
493 348
601 367
680 305
860 215
245 71
165 723
205 97
639 426
303 177
105 388
953 929
265 1000
707 315
100 481
982 20
24 154
844 701
749 902
559 614
374 758
825 232
659 923
796 611
370 760
258 111
823 654
238 598
255 699
322 379
179 50
38 321
566 853
840 617
334 433
755 328
742 33
473 355
693 393
939 96
121 904
571 180
899 738
696 718
596 721
329 43
887 338
541 414
803 373
916 362
808 787
311 342
507 104
78 870
477 958
851 74
741 217
922 532
637 816
646 623
636 159
168 435
136 773
127 181
744 471
582 622
525 578
910 815
506 900
865 431
730 149
626 527
385 762
961 672
27 276
283 85
162 761
834 299
579 737
765 854
448 472
425 45
331 647
665 482
116 443
340 517
302 392
246 353
837 615
372 52
644 153
702 347
784 174
759 782
774 538
931 120
326 466