10000
8773719
4233022
266180
8368709
2740383
9280346
6649253
3661643
9319912
3023834
2822679
7144704
1484862
3552372
7155317
8159414
3019808
3268032
4125338
3310075
2117983
3884755
3348345
3252490
1936957
7723650
9110536
6644784
233751
4448555
6669892
3574064
1258951
2815347
8160189
2774059
9246678
2890253
1308637
2441125
8557263
4744235
7795056
1352009
4854528
8913079
6993797
2943861
8720459
9193801
7167670
6915577
71937
1738604
76051
5657909
8488770
4801332
2735366
9932976
9521615
7808025
9764947
9711526
8805873
2828918
9381868
5599811
1420868
4213322
6195120
6752814
3698386
6203531
8147045
2658346
7755525
3115476
4644028
9322762
1187805
3290687
7483760
1183294
1901844
150012
6928556
1135005
7831099
1214030
4177014
3703932
4491622
3008908
9945295
8039627
1837240
1045346
2554977
7220067
4225362
8543919
5936790
8142164
3134481
4923794
286248
5774029
7770142
914546
641486
3977988
7613755
4019296
4902658
1851633
2292689
1581607
1420420
1473978
8747734
5926434
5403323
409991
2804160
356349
6740223
7134307
4788441
1009338
9770569
2708380
7856930
2627915
7706372
260407
8632062
3084135
4854120
6953943
1038145
4472388
9415922
7391194
756816
236873
7587543
7544094
2595333
807415
9616248
5785592
9929359
8526594
4517635
2825000
7510016
6359890
3194371
3832642
9107243
9293616
7777206
2656938
4670594
4020633
5586981
6722958
9139821
9355033
6994526
7476302
1231417
2322407
2036954
7847881
5275295
1238391
6947654
1258598
8564509
4235242
7520379
8935350
628157
9879629
2111759
6874764
875568
4540944
6160894
6041533
890649
1386469
7750290
5736498
5941543
6672586
540910
1446613
4857523
1045827
439719
4284407
1651056
1202667
4352659
1375142
7564316
9353950
80942
86971
1867090
4753421
4048764
7874413
9315997
2376612
9665968
2330730
2502299
2480056
5707201
6942420
653365
3755543
7715703
4898255
7579289
4081142
3861132
1191181
9957693
1640935
317298
2487944
5523338
9149937
4671164
9809100
761726
58499
2650751
6076647
5548334
730292
9829491
3370135
6073934
4185858
5427193
3805619
1256171
4910503
2580942
8970598
173750
6276524
9582091
1204822
6176018
5033444
2303745
3425192
9016552
6001590
2270831
1726202
3416473
368843
9133037
6091743
6179772
4652003
3042610
8049165
9312698
7046746
2035447
1626855
7425135
7578334
8962788
5663587
5203734
4440175
4677529
8678822
1185325
8801262
2419497
1259344
8444257
6025738
7614780
9868549
3432875
2805629
6236582
2146804
2535923
7289394
7502543
4963323
9300161
1204597
551255
6878972
330660
7872869
4851659
8032364
4219279
7846847
2361995
273329
3414738
8101627
5834394
5936441
2012836
2371416
9594147
8401522
4224868
4210421
493518
554238
514149
2002430
6581373
6159654
1347785
5322867
240216
9204240
6218584
3524250
5178110
4865579
9542217
8204033
2516184
2966153
2072810
2084053
6290435
6906953
498093
1320729
3590112
4796458
3319464
6268184
1934002
9978715
7462141
8455653
3479849
1639149
2301681
1323968
6838378
7679380
3047809
2579718
8245656
2365826
9494178
2538512
4008477
2362453
390327
6386726
6069130
3993385
9016076
5762385
3578999
6233266
2401358
8065845
3392986
4385278
3819542
1928848
2478751
988035
1544124
6924301
8382168
5616651
4562148
4650989
6696899
1044164
7879643
6265848
4601854
4165995
9276151
2833669
5709
491986
4657623
2456051
7080186
2630580
3104591
8207142
482499
3272231
8863956
9911559
4580323
9916512
6517747
4467434
660125
759451
8712092
2665601
182501
2377234
9146541
5350195
9646388
9459434
8806521
7413063
3485716
8309954
3062096
2919595
4217572
4667666
2305152
5621206
3767546
2176936
333544
3317080
6637988
7286044
401102
2349029
3308595
1800999
1477038
4097809
7485566
9746559
5681337
96027
2744020
5348533
5397874
1966299
1424918
8323174
6220007
4383943
7558011
2421612
2503446
8563848
967001
8115382
4614570
1962347
7481146
1102369
3494941
6526092
6126556
9587953
9324572
8283353
8225823
7359366
1333418
690736
1173106
4947491
8817868
8733555
3178699
8015028
3134778
8825242
2585081
1739869
9204413
4267923
5790073
6036056
59131
6186877
7388934
6400506
5066242
3822716
2228392
1676298
2491626
9275299
2863798
6526564
9128016
3238698
2096739
407873
5789655
9152490
3686972
5542868
7437185
7950360
1485430
4220284
736460
6029068
8384180
2936468
7994114
158348
5333335
7738348
5902115
3170373
3757303
8127219
5714479
3519128
7116962
5154008
6985008
5604255
4141628
8984306
2314194
899427
9011992
1286653
2158675
6556958
4017547
4236905
2399
7823630
6471781
1397573
7723547
1937563
7370573
4804838
8182830
7645195
2780209
2743176
6160023
3182670
8298182
8274603
47479
4986233
5759656
7695157
462182
1777628
3556499
8146631
6591633
6770413
3314993
6999643
2768857
9311452
7888752
4585533
8986294
7898206
556068
3784561
4496671
9964349
1072328
8250975
2247040
4252874
8451593
3488785
9121510
1960980
5792719
2520608
4613256
5775520
9476022
2705327
8782621
7598543
3362537
3287038
4381256
2113916
7254239
1763582
3369364
9865186
5815998
9672325
6318579
5214351
2015597
265630
5529396
9869571
3651658
3015605
333861
876649
7003632
134561
4323224
3868501
8800748
8267228
4708189
3475065
3490252
5577997
3052848
5185329
1721179
1970640
7363672
3847022
3322714
9710192
4021011
8967304
6935170
9184750
2954850
6065072
8587127
609512
2421398
4466811
1723907
6265905
4762986
29484
4369946
1189328
2350737
7649911
3745770
2152777
9287801
6576343
8355182
6858765
9063258
9876047
685738
7625004
3067736
7577992
1620887
3844385
9036114
4790160
388542
7049713
729791
8948037
5632990
6419686
8829272
8627638
7553838
2323062
9111842
9688420
837544
4508636
7085758
6552714
3388712
3148924
2684715
2642119
836152
8273935
667693
3147805
3432662
4594800
4680101
8437011
8519967
2077029
7160385
1124240
3018365
7371482
5027275
4957470
1606969
111363
1500785
3265594
6739222
6524216
9652239
4784404
8055624
1108077
8242492
6864242
4108937
7026658
1047465
6372128
2019167
4607085
4991666
4510998
2972309
6808050
8565033
5175380
6897283
4955836
1711627
8671091
556299
7053700
4286138
8485673
9133315
77020
3357156
6387928
3741771
854545
4618022
3454512
8864099
6419052
2136099
8907287
8721854
6784897
5394060
4380872
1533197
1774093
8733918
8901292
5214712
1379034
2706974
1708108
5573412
2721197
8580020
9227069
1758008
4057827
6319315
4897615
9894483
7670122
1746009
9804001
5125387
8368
5762159
5595307
7518905
1370742
4773418
7500412
9676543
3354037
575336
3698925
9595822
4236338
9925197
2633270
7472497
372984
1346477
2422189
6420135
2210563
7438326
8193898
9955443
2758300
7024082
1381762
1082752
2198128
7045038
962558
7395892
2444456
3195140
4596372
2086418
8731228
1652245
8945312
1381343
7077136
9606698
7375264
3301268
6797023
4524693
6200889
2056581
5237400
5825200
8285145
3640869
8126501
2404650
5023701
3722698
4444988
8201687
5463067
813300
2412971
6154020
4956158
5135632
7063385
667381
8754969
1436859
2713233
5151420
5262720
8959005
8132235
5210869
341820
860548
5585988
4898244
2097792
9408308
9899105
1361351
2790344
5582115
4171719
6024948
3157154
3756736
1223068
7038013
7054008
503339
4693286
9205732
2429713
8485876
6835713
8521658
63756
8299513
3692086
9605441
3785894
3471773
6533356
4230788
8683021
5199365
2042843
1100324
6858601
8625107
7386957
1156750
844546
5563971
6011074
1961248
7380746
9958307
820854
8068965
1761892
5337331
2012082
3928122
1567525
9222626
7781110
8843583
4715378
3371272
8451012
9217040
5025075
9426939
524250
3124203
6135547
9864146
4998390
5514259
8873867
582036
1993221
4838866
8966628
26727
1931789
648641
1885197
5810171
6066350
2130422
7857692
6167880
8607881
7326537
5629542
5796158
1228706
3381055
6395353
3440538
1102594
9762592
239319
6731333
522582
222515
1670936
2101050
8839143
6284078
1834664
8766372
4675074
28093
7618453
1094343
5850016
4768556
5079483
5368266
9595733
5311434
1446986
7528977
7802361
1122844
3252479
6680322
631510
1001018
6104491
4560297
7004178
1257271
5461254
6345102
9461447
1448476
9531986
4583598
9492374
6514385
7792131
3795946
3116409
6207263
3506311
1493963
3029389
5620213
8527302
3961382
1801773
8241
9881787
5903903
5876285
6313613
3399344
1821143
8502341
2519213
2650859
9862814
4005051
6635635
569421
15097
4210308
2256440
703842
7325524
5983519
669067
6784098
1676560
602918
8749814
3534697
6473596
6860529
7120675
5997251
8133745
546622
5015802
6264695
5405406
5659525
4156431
3027566
9004771
6845648
4897736
5617478
5303097
9421934
23308
99933
7990573
1781867
5065351
109996
6342230
3701083
4896654
3789510
6022984
1584043
608437
6833977
8867988
9260129
3179228
129890
5737399
8229727
8610704
1205624
5716969
3626519
9994729
2931668
2427980
1058631
8135820
500826
7435734
2572492
40622
5378549
9330391
5325926
6740023
6099215
5973871
1320692
7102563
4499382
8006392
7695751
8723244
9775962
7559094
8498898
1393966
6670303
808917
359836
5290955
6981485
1895435
5942316
448910
2564449
9105884
2140237
4813587
4684876
5663936
7345804
9188591
6390587
3553060
9508072
2778669
2099637
619296
7142743
2068381
3758029
9940641
7681888
9896209
328325
5439167
7955830
7095518
5481897
4008040
1893037
2874749
2951594
4624553
9273299
3433451
6345666
9885362
8757950
4690846
2451982
443606
1857188
5287754
1253032
6421728
9856807
4542344
9414135
2227438
5663524
3550945
2467775
9336521
9734421
7208350
212233
3715533
8179573
2106180
5326427
7108785
3177468
1198330
9921319
2843868
5414631
7237739
4518431
8814100
4660928
8355868
4816933
1681728
3449825
9075357
2802750
6216029
6389892
2615326
6606897
8404032
2194990
3846441
5816534
8331981
9891851
8359604
7315399
52389
1160029
7549012
9032678
4159724
4113399
1821045
3124988
2945379
3834018
56772
4000278
4844619
2760552
3512687
1674997
282053
7997372
1553543
783007
1909214
1072709
4153008
180815
6003085
7505299
464702
8186485
9946890
8004263
61861
6397576
6288831
977325
6758888
5074002
1721585
7474502
9212603
515629
8331930
5486399
2299612
8177968
8787281
8362616
5704853
2550501
5669494
7037383
8345723
6237107
3701786
5826473
1035474
6236006
8631061
9710205
616955
3363945
4465220
7562516
4603096
1511208
8382013
649294
6522784
8300096
7520321
9313416
1042962
8497683
529546
2166407
100906
7942997
7665249
4452114
4988664
2337658
1104780
2108162
5942144
6414968
748592
9362906
9737498
359298
7660514
9708034
316828
3801432
2391109
8066556
1765952
26403
299155
3624182
1526889
4946308
3130940
9739317
1778007
2299908
7874849
9178600
353715
4544657
3629364
3249066
2491276
9119762
858638
6444101
2408636
5606775
6278308
7117105
3375906
4571049
3492145
3816941
5637378
4373426
6433367
4019752
8395027
8524914
7209486
2120680
3228397
891135
2242948
3822012
9203583
8411548
2935827
5854209
7187981
9414171
5467002
5318544
296111
623300
7488964
3578542
1675080
9892781
3849521
1181307
5898166
6784444
1401536
5221810
7361569
5964343
4814451
3800331
8268507
5960081
7294138
162856
2866718
893742
7180725
4541951
1016000
552377
4102829
667932
525016
3601935
5567928
5690773
7437703
6365328
6609271
6134559
8336829
6725220
4155613
2317198
2115921
6505181
5597392
3085930
4635997
1399907
9651712
7277056
1109386
6742165
5035943
422942
1803365
9477147
1379035
879261
7276942
4569344
7917634
2957298
7731440
9334047
6963900
387163
8323186
1650810
1471112
3045032
1449307
363826
9676093
6705099
8048369
2789184
6772404
5597453
6990393
6651895
769921
6525142
3894842
3176591
4747839
2406712
1397780
6795523
6307276
2184658
1219830
618023
6038668
2665121
7447214
9835194
3464005
2922395
5204795
4336015
2642750
6569634
7364097
9234636
8233503
2002716
3113462
854006
3400141
3442662
5613515
2490347
6063508
2669784
7242263
8257426
9493656
8643449
3158254
3415515
9236831
3285923
6304958
8631987
2665863
9502552
3841559
5883908
2973130
3613319
3117952
980844
1916631
1897154
3259996
180853
6180283
6822512
8201844
9870533
2975271
5312031
5539727
6938837
3876186
8544537
8900018
8367043
5635992
1771009
9852771
5337743
4179286
9607318
839661
5372422
261608
683272
4762208
7179446
5951748
7845177
3276351
1853932
5623355
456840
681896
1472398
2837002
4162883
6823311
8156441
4756962
5312474
6365825
6394620
7844229
2742492
7962689
4736530
393916
264906
2604420
657151
8481110
2135358
6944715
2437397
3191743
967775
2395140
4773673
1487091
7385772
6439670
4065439
7840114
5483003
5763173
9754789
4880695
2934354
6397492
1768527
8009376
9999273
7492825
9043139
1363894
2537159
8504579
7076285
9108770
283971
5370890
9535748
8127101
9549235
7273890
4383133
6327560
6000561
3381819
9864900
3317409
5531442
8824634
1553516
5990197
1578627
239180
3136275
5713260
677239
3933364
4016594
882971
9234088
887185
1656920
1876883
6585953
6390372
5033918
8830456
6843093
8349119
6343823
2030627
3085964
9984518
2667962
677496
1360352
162265
5487938
2116489
9942080
9679651
1727604
338714
6415629
1765000
6967378
3126021
400088
816627
9376596
6275623
6132916
8698827
1979666
5643325
140745
9287915
6773771
6119705
3830218
9581236
8350352
4284400
3368367
2254130
5000956
5497333
230497
5339661
7339331
9935942
3993628
9805309
3214350
1485348
7154278
4746725
5423570
4359622
7926672
1452333
314185
8794579
9436264
4778728
2921381
1259061
7906090
6989489
9919075
4158536
7374215
3064016
5613711
5699712
8061879
6611743
2940464
1264387
8060388
3610546
8658568
1422571
934604
6095227
4825898
705964
4115439
587163
5805969
6635668
4676486
8513343
6904333
8305875
2698192
7766445
900915
8519527
2696868
4714539
5077011
8652928
7988627
6245617
5748655
9295551
6761104
545637
3390128
9116504
6717720
6289807
6985332
2374928
6501718
1614315
2748701
3961886
4329081
396653
9187816
786586
6185925
9845030
4039554
4064786
4695394
1408774
8134938
7158780
7834014
1659028
6509192
4785108
7065900
1628969
2452135
3582204
3593169
8967125
9792290
7964287
8609414
1635831
119727
1133539
7562689
4324631
5678148
3072597
3525757
1916425
1018138
9908901
1428220
4665894
9071301
9290756
5502503
4029686
9026340
2138497
2437535
2087961
7602750
8877298
4968416
9664499
2641652
4747510
3530698
3283526
5812296
9073670
9397431
60815
1614828
6476105
2560537
8594473
8419130
941170
7771238
3033198
8939975
6004874
7896973
5735117
5024105
411060
4501059
2048674
2722975
6593752
9893506
8980202
4290031
6447458
7468579
9062171
866842
8416812
327775
6585248
9259996
6512210
3739346
4495324
6216711
7900848
1936217
4815871
9807190
8514341
9049113
9806440
9410914
3779834
27213
5081996
1364321
7807542
1550487
8118093
1978914
8422865
2135401
7701044
9989320
2091768
8391270
3126606
7797378
6258076
2374288
7912988
4535003
707066
9626280
2640450
9204214
7388019
8486579
3570422
3970144
8057300
871728
59324
778661
3292617
1730172
5404026
6803336
7797717
7681169
1808857
1631327
6799794
823929
3158284
6371790
7819716
2460861
8294792
5532536
1871910
8544253
4385839
1648562
4237920
7627545
5455457
8102348
6836063
3302906
1928089
3564439
5858503
5683349
6627138
8324048
283251
7026708
2536224
3069730
2150869
4416383
6365327
2344628
9168425
3524691
1313350
9871923
2349991
9409275
4718416
8620
9771969
3424418
9939242
4652726
4254977
2701562
4337177
5093109
4515996
4215274
5444896
4480661
2865142
7689046
7950589
9319341
8226318
8683034
6819603
3825776
1920748
657041
2942837
7376605
1899433
4355183
2861081
3460455
4538683
5054624
3983920
1933765
7013353
8448272
8788597
3538955
7861246
5087085
5707508
7630954
9035885
9818510
5235607
4522683
2930907
9715349
2488181
3812253
6763285
5485601
3896978
1233796
7572447
5977332
1266977
3459292
4151855
2693358
797245
8837578
3877285
6089222
3989757
5524313
3016043
4066254
966252
5645579
8514762
9461329
8938829
5149189
6585777
4864590
2515816
8364482
9190019
4113145
8417824
2583941
7415359
9353790
4750295
2778340
7966092
9696865
8838705
1204343
6181563
7267098
869293
2605341
9893767
760535
7177556
6776974
7807557
132959
3519202
5277825
4320644
2648058
3720374
4358058
8413079
2466176
6615608
5711358
219972
3610505
9682274
4167200
2183812
2988694
4766729
1690845
4868531
6732250
7849573
8536169
7334386
3104738
8064296
4138727
7325473
3587099
61113
4876064
3004261
860110
4721513
41825
4021881
1236574
4328520
4304165
4084758
3040453
1823846
3738584
2146691
8190744
8584403
3771387
7178019
113427
6830598
2552773
6275819
3676046
2510471
7905138
3565192
1943791
1834421
8552880
8333716
4445898
8550858
3474234
1564768
9496190
7754745
7854639
1971873
2277043
453315
863460
9776678
3273634
480720
7274891
6896735
5141095
2936802
2862468
1874068
6505777
5502781
7760110
1652526
8189293
7574313
8142538
8012307
8706172
4869639
2923222
8244954
2433626
4186934
7257343
1692714
4237573
7556847
6968348
7655328
7294833
2306263
9947111
8494341
3426341
4931439
8703168
5927862
2254061
6397896
5414807
9590489
4962253
445107
6688398
6428866
27784
8269131
1750875
2677274
9771336
4256729
2715262
430367
8528570
7409182
238194
2173108
6662611
7012001
4680245
6166062
7895895
2182187
9771817
9609091
7130207
2103472
6405035
7780341
7711041
9070005
9951418
629047
7550873
1106898
5637618
2044714
6935041
7135855
6037907
4546499
3800853
9078507
4995206
4638001
1903929
8379948
1413896
5823572
8941326
8037968
1844018
6818467
6186298
6058457
7180955
5544995
9838421
8267514
34584
970539
6117624
1861594
6365322
3286512
7322348
9174544
6340401
6303067
309286
4697101
6671010
3505595
4667886
6646496
1684811
4285047
5353957
1648704
3394777
9858646
6321071
1072909
5461574
3313901
6701390
4098500
737559
8402343
2313335
4342376
4638903
8313933
4821733
4996837
6260718
8850838
5006089
1030799
2053939
8492063
2561922
5963523
6106920
5521145
6367132
1419644
5238188
9280186
9956536
9521941
6644714
8086108
316308
286967
5276543
7103024
1386440
9875809
8608841
9524682
2883520
9413068
4407806
962109
5285279
1671501
3593002
5278890
1453591
4419329
9697470
7491484
1240044
2433749
6909424
3473343
4820263
6296845
8789572
2152313
7964682
5375935
3166249
2129114
1537304
5656412
3499440
8642103
7905788
9155101
3877950
6636175
3828403
926525
4319742
3602240
1775781
6018709
5342519
7963496
2077204
9776013
7315755
8648352
3519605
9260412
6043485
117634
5268100
6676712
7225400
2336950
4344571
6739495
4598102
3543099
1292432
4644336
9795807
6747630
7572902
5466575
9493516
3369629
3667977
8819432
6854098
7156891
7377153
6008979
9894613
3731427
7112264
7541203
2363381
8089239
7820701
9435719
3255854
9233154
8784583
1096172
7756815
5514277
2055923
7599427
2399937
6613215
133329
6367905
2356112
4652088
4098508
6560931
2622023
458165
4997304
5983089
6037860
6729101
6553257
6711960
8718688
9428917
3955833
3191881
2089165
6196742
7101025
3362326
7877618
2478283
5638248
1055185
846775
5600640
4972893
7669999
4457364
658432
8194332
4269287
3972602
6190549
8789669
9036253
8477674
386698
6548611
4289814
388694
5919405
7974329
6431550
2197537
7323751
125421
909845
744228
1517407
3756787
7273321
7783587
8380432
5702407
7338479
3761562
3341753
7877230
5665377
8044594
7705496
4675934
3149601
8160742
8777611
1688243
9532877
1002017
8495370
9517180
6473341
7123718
7066121
2324237
4823845
3090511
9314358
7194490
3123812
8109919
7720791
7386221
1733433
1990630
2878990
4767670
4281464
15633
2405080
7147186
7210483
1699477
6000996
3142056
3861257
6283507
365050
6389097
6176310
4303353
7125981
2241498
2958423
5245454
1780248
6942147
2603849
2470140
8492682
7104228
3153997
5068850
696118
9199462
9271535
664906
595981
6362422
5299221
8620235
8845760
1636380
1621291
1423927
7331423
1755202
9182984
8663494
8755181
9665314
4927903
805568
6296760
6588429
9141888
7034868
8999749
4597642
6610889
4536765
429126
3708567
4506202
907543
3403264
4582410
7296564
7907885
1564386
7421919
6409486
4331862
7510905
8684534
5105266
2774334
4954533
9052677
9062300
9369521
2300990
5080156
7487718
7787815
3385653
9430348
8885946
4069531
4451238
3573445
5684847
7883697
9339794
7823562
4541467
8972215
2670332
9802791
2965816
4107385
3088823
1531179
1513325
4799859
8244086
7719329
3542567
605377
1708635
4371823
6821661
8687326
4548019
1146523
3694297
878891
8780866
1140284
2208627
9071439
2663686
7105059
1622796
8752636
6796389
8549285
521731
9612949
3421530
7185120
5055947
2555911
2749913
5777651
3411247
7780149
4455489
579637
4929123
3105467
3961374
3578061
799531
2643818
8145117
3641878
2740684
613435
3198715
4608218
6791663
5880209
8984239
2037124
8993126
7750988
6541958
2319634
3695482
4890210
2712630
1361118
5872123
2973738
1472359
2182333
3243582
1023856
6455847
8399339
8975091
1306323
5819646
6111781
6116526
1370061
537761
8085999
7007703
1597403
3304644
1786809
60671
6390598
4606400
7447499
3452211
2554662
470021
9517138
8234050
3654448
9004145
2739239
4776030
5513639
930598
981482
615035
62578
6871073
3542123
9509559
9781596
257693
8761677
793339
9859517
5289178
7519955
3234813
2448804
5786018
4306710
3225977
1414537
7012108
3737473
435152
8095097
3151279
2672902
3415500
1755974
2878342
4139594
6934064
3621534
9959359
1547793
7472689
7786946
2983040
6243829
869262
1053176
7862558
5573886
5451881
7409133
2364912
5104683
5575738
4684757
9679015
7321555
3837486
5172275
9452244
2773232
2442965
9952241
5593102
7284769
4681257
5802889
341998
3995657
1792800
6286785
5206925
7311185
4917444
4834063
1398623
154340
9264365
6949365
7922227
8655366
4055534
4661607
9882624
4004401
6919597
5805135
4981654
3715334
9556750
3179858
2380922
2260263
8188005
4286466
1890799
839581
6756934
4681752
7167198
2820125
2564284
2604621
9923143
2945225
1385246
9586529
8924547
321172
2670585
7310537
3606041
5513919
4007802
4948283
762721
6878009
1844021
1926637
9734916
9570656
5310503
9680305
4136307
8038302
5259617
2983795
2793626
7988138
248083
724736
759310
7662283
2218957
639353
1691643
4193012
2120350
6604075
7351537
1835699
4510355
2929048
7542723
856687
592400
771719
3989994
5394464
5478168
1132365
678972
6380318
7969387
4326455
5484752
2610678
8196248
1990860
7268711
877037
8014008
2733808
2505894
5744676
674345
3137476
642188
4442895
4338362
162696
9975158
7181235
7712793
1711454
4987679
9224414
468213
6877754
5962620
3019205
8146827
4475468
4609552
6751479
1389113
4846767
9037896
2814648
426793
5404907
3657323
4476354
2873107
4055602
4800591
9305415
632832
4484660
5208751
2720794
2419096
1892580
8065551
4255323
8177730
5987902
5793872
8436431
1578862
3101690
1121279
7741393
2428134
4333950
6919994
6897491
7868570
8110437
2129425
3550017
336906
447281
76368
8391007
3139186
361496
1123613
6133528
7813919
3986922
4008462
5801694
323140
2710707
101775
9591767
46873
5400642
63078
2513740
2290816
6236817
6523143
6051247
2087921
3462454
920923
175705
1730046
6866664
5563959
4008914
3282614
5422816
2933922
4998496
5267055
8761263
8823364
151654
6925431
7394875
8225708
9225117
4758239
1036556
7057481
2570349
4451190
1797995
4233966
6377360
5652796
620311
9778457
8724854
1229118
7472682
8620474
7287322
4572312
1799707
9449321
3024650
519462
4220412
2707105
9107424
5085429
281148
8880605
5987921
4181705
9069758
5559332
3683821
6674771
4189974
5087011
8215738
990042
268094
2994450
8373985
5326158
7762481
6382194
2717609
2345423
2584110
6652696
7851945
7991530
8737401
36570
664677
9071406
745920
9251129
2768504
4278387
1886667
9067566
4889365
4255010
760287
8260533
3499038
4325687
1661852
3794953
6403560
3314647
3950377
6457505
3236891
3844410
2336576
9430662
7819468
8916575
3244363
3694473
7907244
21624
5211475
4684492
2091751
4426158
8520825
6163812
3462329
8067518
6320712
3760302
7952963
5194274
5236942
2281381
9791507
7020202
5461520
8351545
4804442
8291329
3952981
59731
5144159
1650299
6593665
1477769
844827
1788466
1655032
7537476
3921191
552435
9517152
9517849
2684362
8401067
873657
4105346
7473672
3828435
7849988
5344482
7136925
9542955
2626929
2147500
7881275
3551899
8630295
6388360
5883308
3512763
4337809
1433076
3519852
7752113
3064110
6923804
7637684
7167689
6469869
8669172
2684556
5145585
3512772
2261224
2971717
9512526
2262302
5894011
3465657
6084805
744712
4819028
6254362
2892391
9476913
5337034
7279008
7376662
5502343
111831
198931
4121212
3628484
1418504
8340078
9789503
8538903
7201241
999083
3984835
294515
7305992
384107
2916795
3343070
2765229
5541580
2501927
4922804
2270952
8462111
8133391
4075868
3249521
8186618
5184407
334531
8634789
9792644
2264256
5208519
6680504
3153122
6809243
9192602
5119010
9372018
6482979
5672513
1176728
3994991
9485581
3674030
6232435
6069986
9186818
2120907
4983228
7533880
888220
3935902
347270
8413389
1332909
1441004
7432950
4257060
5784560
100521
7304698
4649717
5336270
7555455
8821443
4729895
4382877
3089743
676255
1554870
6786174
583584
9663857
2872065
4811507
1534638
2014450
2070508
9064938
9732991
7835678
3844755
3339522
3920173
9384926
3640497
8033507
9891942
585352
9856260
7034789
8985177
8156193
8538376
2754043
891545
6799215
8857237
2903164
3492562
7751605
8034178
5956517
6496774
4299093
8574725
1166537
7545399
1071258
5686693
6401017
2583317
7704290
6831401
1054005
1235272
6875126
5885061
2879029
6336207
8631314
4600814
475905
9613276
4028833
3892853
4945482
5079489
5255480
3309866
8273613
9081642
2154613
2477805
3879890
5231204
6875231
4304224
6153058
6718512
2030080
616705
4978133
3821649
9912773
9220955
3588269
5647356
7812232
6644549
7905932
6273364
2888618
354470
8343310
1368046
2233119
4759116
1890672
306777
8102933
4123554
8094348
3202006
8080091
295181
2934184
9801043
3236375
6664485
5967482
1521604
3305038
3311139
4573285
6754808
2818928
932688
7625306
9846441
7192716
5200770
9525876
5671062
728851
729052
5116820
5353135
6560927
5815889
1426937
1839899
6901087
8792304
4367935
5949655
3384742
9088362
6445863
6387752
5812584
5534346
3984503
604581
3141311
2846463
5076428
1395639
6529722
5751366
6443451
1780782
8957740
7317815
5879069
8619181
8737414
2532197
8839998
4759708
2619983
7613025
3237417
4722658
9386486
9206020
6424449
7798734
1452005
7350805
3860208
3948393
2095466
4765058
883820
6852612
2200883
6984353
9257862
6254044
5122798
7606367
4462077
262688
5384474
2571295
2106076
4571448
8767582
661992
1643066
891646
8662942
618160
6655693
9227535
1703745
323102
2152171
331955
7062289
1524564
7220929
5181449
3624806
1370914
3770618
7864694
5595870
9411633
471737
3235190
5481185
7352180
5774386
8678461
2665242
2638449
6143521
3857539
9963658
4769240
1885542
7088240
9734958
7089391
9177195
7332174
3852689
3455540
9583924
7382321
1350757
4080797
1472588
9605152
4145025
1509319
5176270
4105670
4667624
9680299
5825935
1721603
8888798
3340807
1709972
9601307
2775857
4889818
9216483
4629016
1641741
1343754
5979192
14495
2041213
2496709
498844
1980095
8311109
6839189
1857861
7258895
2422077
6424225
1094370
4111032
521042
7986066
9196096
7469081
688655
9068121
6219337
4379098
8122521
2219592
8424301
5763213
2886003
372274
9971842
4973383
4750007
9453811
7209316
5841882
4303713
9603140
1400461
5788490
3561532
7545947
1728655
8722044
8092273
9733221
3761901
1525659
450500
3083379
6711816
1122456
7609326
6712233
8314204
2645967
7887212
9423658
9160460
3453546
2704171
3537476
8953170
5457200
5515779
999491
421325
3492021
8919190
1545402
3273700
2788527
3319766
8687710
369133
9120673
5672230
8248099
4780507
4309392
4593261
3887113
5148361
8866971
8999530
8458345
6968943
5143465
1008665
6455157
3761679
5819250
6752873
4634228
5903094
7442640
2517554
304867
1181048
5027185
9472878
5615304
2579939
2298240
8954023
1606337
1391213
576396
3717498
8837530
2809994
9137153
4067277
2742144
9133053
1316282
1683992
1509946
2634413
3385039
3597642
3785511
4287279
8376345
647294
4333212
1243201
1988944
7902990
4208324
1219925
9144490
4051583
9833215
1886358
8085168
5414805
7861458
8652985
3488931
4569960
4623526
6724511
6972912
1093039
2691822
804535
5967231
9168204
2797037
1608903
4189431
2372103
7210171
2825585
482111
4921082
1436803
9464588
1059130
42431
8326672
5438377
8913355
1680897
7770504
2432031
8676074
2258568
8683925
3011113
9175132
3202175
9733768
6336826
7678659
6502557
7313857
562495
6292900
6757689
4338236
5343045
5420669
3471148
2606912
7723533
7896118
1736522
6061182
4824354
8306614
3140699
4041577
6690355
7426082
1760873
8723991
1365014
1273624
5711080
9722045
2594346
1688289
4190845
8542735
6408087
8203411
5459586
1399017
2167118
3428222
2538746
9190260
6998548
4685303
9084636
3196609
3366275
7096847
6464434
2735431
4350815
9844006
9796628
3120704
1583008
4419691
1498921
5335230
3704679
6101089
4740685
307973
6596452
4198002
5757045
1985785
8328494
4233631
2564955
3007858
3860696
8567735
8263687
2909569
3045796
897112
5253581
9495299
6820145
9978363
4576330
7106150
4769700
6338975
2141640
6599792
7460244
1931957
6359532
382718
4180689
9353212
2976227
8129815
3333141
8751912
7051999
4356182
1241747
9661242
2070159
2290497
3549699
7144366
267967
5571442
4687801
7907285
296056
634825
4558138
1387361
6471872
7961241
8178373
2381521
7936248
6788532
7969698
6975455
2484762
8810510
4332188
3650585
7776584
7271044
9629652
355527
8990753
3532365
8613868
7789956
268509
7904298
7349816
8374640
8408821
4048614
5957908
1227001
4333067
9464771
8629013
7827032
2491844
3122028
5685741
1347441
1844478
3113709
7372625
9813467
1058984
8044250
6989314
5636967
4730105
9990089
6699008
993172
1168251
3581998
3241960
6142396
7613919
8906009
6215619
812526
2636174
5648754
9020058
31207
9119246
2063077
2322298
5739945
8358681
9693451
2274148
851021
5304549
2177101
6816865
3408505
5154734
1071929
4936612
1595883
9215746
414088
5786834
8075979
5933975
3172211
6586641
3171311
5946711
4047816
740730
2474376
7879810
4986375
4298578
9780238
3879326
6957693
7349698
8727844
1812265
6466992
2506102
2652212
2506575
5906273
9053580
1590413
9154240
6075401
635033
8392020
1760556
4396616
993571
7900100
2977070
6977905
227440
720159
1277320
5905947
8717244
6051542
4295484
9883861
5035879
1982084
4211459
9150050
1610255
6823572
4185337
7201746
6631656
7485037
3384712
4634346
676995
9267376
8260575
3598893
1993512
8882448
3988435
2558901
6188024
8210787
3857562
1450651
9582978
1290367
9656526
1871760
801516
3932823
9535263
7060977
2280610
4036710
4557749
5155667
7149450
5577758
8116066
520720
1693566
9663866
7858636
2098907
3820154
7170428
3131328
8888407
2383574
7628199
1801238
6466900
9742141
5255935
6214100
5349706
9553098
709781
116783
6545489
1996303
3359695
6613216
9818094
9466205
8172413
1003178
2511611
3732440
2567884
8401852
5885184
5364822
3774644
892160
6657755
2690328
899327
4036240
7425917
2437762
4316903
8420929
7805524
13795
4532276
1724419
5727515
9408037
4611989
7135671
6546138
6990594
2713229
1827738
1831111
6796544
7271861
6675692
2420652
5135770
5856999
1492253
7874475
3908161
8226680
931923
3764891
6520031
427945
2294568
7457972
1352590
5808420
9277919
7954100
3934453
6333627
4787686
3179055
9214461
5253703
1450585
9011502
383032
7279038
3869384
3280041
9527128
5751585
9122664
1294362
6014027
6675215
8219602
7637905
8546166
358981
2898835
8875701
5094821
879964
5194509
6663799
8509549
6547145
9849062
4062393
2598457
6164855
9926162
6692998
8981377
6271316
4913433
1045750
453291
2552310
2931457
9612367
9990092
2228602
724480
2879582
1639694
3177995
6018113
1632696
2417342
9415172
5900336
3165080
2260723
7213606
3177225
9882192
4225944
2680720
1170474
6939929
5221111
5924462
3835709
8482727
1938570
401898
4779148
5834557
6390319
4508960
5298484
102414
2544540
2769407
5014514
1077402
2624390
206359
1774471
4081991
3395097
4211006
8436000
6846852
1404518
7334802
6983293
462007
3804183
5259841
6623337
2532261
8740453
7883182
5309621
2635992
6825734
4337910
4497452
3712055
2903205
525305
1983654
8996364
1125793
1763074
9295752
3729820
4142749
8616317
892112
9889022
600723
9198160
3636611
1181959
32678
1104096
5451551
9542359
6655267
9303053
2651315
7973902
889984
8783589
760542
7970267
8441886
9065406
1024675
1213496
9956271
6659038
9821133
1261239
8880651
7854670
7158611
4150153
6879460
369541
2899957
1572235
4163458
4438499
9436213
3001108
6635236
8329786
9477162
4867327
9790246
7727784
5052552
6583424
2210111
9813258
9205671
4732616
4533000
3594554
3100119
3399977
1255001
9553365
405264
6502734
9924912
6388419
9538758
4405401
6291259
5118366
7801265
7681948
7982290
482367
9634386
6443065
1090761
586116
3239345
9899617
2477473
8355559
2592507
8676470
1096674
8654493
1257909
9881743
6295162
6496061
3297901
4599450
5228894
3065805
5245636
6505090
782637
4534273
654347
3839849
5703798
5552121
7317796
7495747
8414222
9605512
975622
4237473
3822609
6832116
2409823
6139714
3052949
6680915
9647146
4159665
5488392
6307123
2096016
6147929
2574443
1593754
5554511
5678417
6707126
331289
9404219
7790028
3523442
8979845
5679767
5135807
6142165
2402359
8397625
3182375
3165348
3876563
7655386
7095501
7541918
6067205
7763432
3176293
5380617
7033930
2677336
1635722
7982689
2419683
7656057
649338
4705673
3524610
8146106
5732687
9148706
9447516
7575705
2242271
5175684
6824031
1990373
2023447
9191708
187849
4109016
2758888
6953011
2432011
4321941
7852885
7243539
5832235
7914173
7767140
65094
8475291
6436730
12977
5187671
9795905
3489178
5864392
630412
2469497
7171341
2458696
5978359
2962539
3133439
6840166
96167
5593771
4340652
8924649
6159778
6615195
4827369
6812022
5906460
4029778
2966013
752573
2516191
213229
1167805
8312442
8578198
7050731
3373346
2959845
2981504
2693588
2569846
2297598
9633452
8005197
2103826
7998986
6392027
6152328
3902516
4317588
2211755
2409585
4674692
1010267
8536266
7700076
637518
2758764
5506119
515510
2664281
8329313
8961347
6848134
1071098
8149003
6233829
4284974
6932750
5627020
3396954
2494004
7711685
4749993
6693285
1341965
4030699
4195904
5899218
5810423
7176177
988608
3417643
6111508
2013334
537249
9680508
325539
8178319
4644909
5784099
4620248
9589355
4858540
5368617
9607152
8926204
6933369
171273
2035124
6798279
1306626
7170013
8316380
5484609
9014429
3586129
7323965
4642214
9329393
8544714
1686969
3657392
1834977
5175422
4806217
6072574
1196433
6517006
3659153
320174
7924185
7710747
670957
4575298
6205848
6406190
3451873
5184383
6592291
1634123
1426223
9510815
2205338
3762768
1671536
9309006
1737284
8854380
4384463
4146510
6524571
5707026
7476262
3514888
1486051
9669296
6905650
9196527
5497429
1813177
9605942
2808409
7428358
6715523
4285758
1777723
9472652
2456237
7576015
6381857
5455536
6428754
1857193
5319972
3242905
2795096
3944880
5096421
4483897
6857160
6788204
9729979
3400878
2406997
5793962
9107264
6403735
4571255
6340717
3496893
9148717
6924967
8377849
9555960
9604161
1842525
3249300
2302545
4325899
5545628
5295064
1461031
193005
4824633
1179882
747888
4235381
8746686
9223963
5362172
1935137
2230838
3147537
5745474
2306729
4434520
4556300
6340034
4470408
6212576
6419302
4443787
9915769
7449650
8741560
7527844
7249486
1276701
1737093
7387376
3551928
1366634
3642726
4528611
7092995
5160331
3833619
4612938
7212111
7049266
8416964
461070
2944096
2945480
2488318
7922565
1317777
7329354
9709356
6457493
913636
5035296
7478632
8880716
565380
6832773
9261479
2587428
2957614
4718321
8089958
2747696
3479312
7738738
3337307
5027608
7483874
6311304
9005517
2112210
2122749
3227165
3009762
518159
7515930
9145223
7100786
9030184
7728877
3012621
5139582
3197795
7935121
2513898
9488870
9801463
4256637
5723088
4224392
4163274
1280377
5311375
8684539
9425116
3624713
565181
550861
2397692
9611413
5131814
3512979
5657624
231852
2061045
6227790
4708000
8878019
4367077
782071
3505481
5446512
8920989
5254227
5089747
3029296
6797934
1785656
1650790
6563304
2361990
8212575
3806132
3228672
8088153
7421113
2221482
1488805
1228909
6089915
7605191
1059181
1021127
7941504
5835644
3416598
9674434
9798935
1289385
6515110
3951316
9513028
1459881
3010217
3671527
5075952
4829489
5353883
2428152
8760117
6568528
2296618
5329704
9462447
4747333
9151062
1415452
8319984
178228
5164566
8983885
4363640
207435
1207843
9996731
9815701
8396595
2043421
7148381
4616305
968939
2347414
2861549
8303477
747333
543420
8706797
3833281
9692024
6962393
9595551
4156466
5859144
4288901
2291859
4866386
9334434
9197796
1153311
3579024
3921645
7512995
3915244
9112149
1997390
5449703
7624441
1232498
4651173
9109377
8617496
6993967
8926351
3776839
9664461
2513228
6128543
4726822
3076700
9645822
6996101
5276398
2019385
5981105
9528740
4574535
4215828
8616818
159302
195225
4802815
9411737
8457012
3343093
2953844
9606823
4708539
7489140
3859880
7234953
2371567
9840594
7670349
4195090
3642100
6062962
1269544
86555
9538310
1197373
4497732
4274535
4737376
8214085
529897
6062646
9084394
217171
9817486
9756375
8895809
4765578
7549522
6199121
5621709
9667577
7556052
4861455
2719338
5736335
6321246
7771011
8156052
6898063
7405231
9321207
5558002
8297392
260709
6729558
5663747
4220406
4895425
303562
4559951
4388887
8696473
7987200
2130411
4120806
8891890
3586506
6736745
4012477
7641188
4671555
7241935
5363725
4715705
9981062
5793890
1339912
5672406
1091659
5011999
7715051
1084426
3159952
7119219
1384645
6169250
4267100
6080865
5629351
6659195
7237558
3421139
535195
6294435
1774382
5398056
8935253
5435750
9105349
8544032
6703024
6980628
6368507
7031413
505515
1311146
8664563
8278882
5486297
9272415
4297918
1774775
3980194
7852965
4836646
5069275
5427343
7316688
6484442
8834046
3479109
2171741
6122257
651516
6267199
6628293
5023872
5516739
5178695
3182012
7200763
1398827
4137661
8208535
8276214
5723367
8762444
7668691
1569530
4687603
966796
4157675
4953605
189978
6581393
2280028
9075942
76315
6265879
4652382
1761589
1588398
2028656
835773
3998983
2287972
7310641
431914
6338630
3950923
4730156
9232581
2088208
1503581
4789979
7107516
6128590
1727953
5241486
3353484
5983385
2726302
1682284
5316817
6756067
5086282
7857896
135934
1023894
7503548
1164017
7183042
2410636
3294391
3072552
9254343
7960307
1971724
4787347
9132498
3174949
5018300
3108844
2279388
2114403
1597419
7829969
5741875
5258455
990546
8586532
6628705
5517910
9143786
9064565
499872
5453953
6889991
9704989
2545659
6408624
9298002
7268802
8108869
8758478
5399495
6754840
3027656
9182673
3825559
4855423
7867219
6798409
7697967
1633866
5308312
1352823
4050897
9441608
7065336
6386519
8207514
6892897
8289146
4147207
2029408
7913920
9172691
4399711
5163285
7860084
2746169
9604505
8092093
424358
2125777
7702683
1430241
6851658
2911486
1623748
458914
1845131
7693932
3942425
9244298
2054985
4641848
9804789
4686216
5680689
6445167
7482913
4808256
3508461
2006767
6264700
1326210
1735660
6556660
1609152
6659892
744449
6352232
4069578
7773156
9807815
9647670
6046895
3267259
2972962
6020694
2703915
2018147
1572213
3444482
8954874
1254091
8996953
5517640
6032578
2376442
2108751
2667779
5389056
6708651
9149920
9907378
4072749
9099704
2852784
1004979
1294818
789241
6285149
7028175
5135950
2065430
2146680
6091082
2669695
8957589
4573190
4562430
2853261
1996761
7473926
1117807
9804336
5510878
9529866
2684035
3500764
5832306
5327057
7197320
3180770
8674711
469369
7432358
337337
8649867
4368907
6238232
1952425
624341
661614
3093411
3292112
1571311
2949175
3570163
6669754
7140461
6130734
4583918
5106649
5261566
1419432
2195062
5305208
745817
3794628
9964794
6914143
2229558
6162584
7812101
1548485
1330766
189674
8916448
2033702
8781025
2376839
6417785
3768381
6108068
2004986
7066690
2821521
5389332
9354818
7544701
4784905
4880432
5041487
6533857
773364
6220673
6167466
5908262
2420592
7593620
8067800
6741434
3501465
6564503
7791409
8142079
5634446
2467193
6788806
4340190
4747676
4303935
8466975
3448310
8504816
3029598
4516130
326003
4348072
9964962
225224
4414804
9536236
3765561
77435
2784793
7677351
6363541
7303122
1070002
6879331
4107094
5413596
5664091
7650067
4198859
129813
1345783
8971185
5378284
5748553
5405646
7161613
6154853
310375
4091832
5885767
5186493
2440194
9328719
5255239
2352794
5301213
5823232
4204651
3073352
8520023
8844020
8620931
584515
4375434
9532587
1003028
786597
4122029
7408073
2316485
9288739
8597531
7641169
9885086
8158213
5198568
6100424
2062215
7052340
469398
4364614
2211752
3467913
7092002
7903190
2789306
7986598
9460036
9197521
2085234
6232686
4642645
6539757
4260843
8011603
5004761
2193295
6554059
6577923
4895574
7786144
8536574
9652363
774554
6727447
8616492
2908867
3571498
9379851
6546524
8135265
287181
2255922
4807683
4707170
4814402
7253099
2859885
9094014
977555
2800366
9639818
8697688
2493339
4401992
4093387
4405850
5972872
8451259
1483482
7302679
1601498
168034
8090917
9601132
7212796
8338538
3031034
1551969
8220865
3598950
2834402
8920703
560565
9131209
2143660
9862443
4478518
850658
1265990
5517028
1220088
5911408
7502334
473698
7409719
5837901
4693410
9315128
7032852
8922243
2570370
395463
5987375
9099950
1089231
8574924
2776941
3336905
7919736
2625406
9161958
7476380
1040597
3391276
7145285
1267753
3476864
2321295
5961318
8726793
2735968
9366767
3100785
8055554
9417055
859183
4068189
5562237
1380015
3691391
8924484
524799
2279019
9003447
4187791
2333343
7327034
7666849
8761679
1926885
9789737
8778156
2170332
8142081
5838651
2427234
6690377
4080841
8676397
9624491
2610007
5288544
4300580
8975753
9838565
7599510
2607934
114203
369639
8955268
589083
6088092
9673629
3940536
7531975
3506159
121982
733745
3594753
1052679
5393667
9852429
289417
5714222
638703
6909895
478839
525973
8651962
6349266
2264909
3994576
4155775
4982948
5054097
323224
6807293
6888592
3416278
5457507
8801524
1667600
8023830
8367412
2293337
8016950
7160737
2271292
5103788
2993139
2060519
3822182
6972018
461238
9859411
6145736
487336
947852
7180178
8802214
2441339
7881012
1374385
1351408
7520354
3101683
5664034
31223
552055
1303771
5046792
8437720
7077420
3606132
617112
9685571
2661894
6568234
5630285
3777558
2436185
6989371
6771318
9916825
5627647
4907832
1164719
9197367
8102301
5172562
504591
5179473
7386568
7283769
7253853
218161
4525440
1859450
706196
3144216
5386086
1011993
10752
4828150
9823952
2277016
8596128
4404556
8188372
8236195
517943
1287549
3724552
8531229
69833
4344844
3705074
4866276
5405082
711265
9008102
4335403
3268866
6138690
1948237
8262644
1040873
2134320
1382143
952218
7312244
7227554
9772783
5205743
2846385
4542233
24463
3360770
7721070
4625538
1750900
170237
6913315
2987922
2908195
1355515
2557366
825065
3236124
2187527
5005469
5238584
3714961
3129520
7208340
8847273
4206500
8669422
4283401
6320062
6487822
4786927
405132
1204369
8054451
3716639
1079882
7726101
1695617
7027450
5275189
233707
8049706
9681866
9140582
1723651
512836
3774968
258249
3827937
4693862
8242738
6245960
4231405
1283338
6032172
1016335
796106
6910526
7456191
5605745
522503
1952721
9831252
927569
6179935
1357448
7550915
7157133
8896902
5227901
1610493
6601490
1607504
3379407
9958406
2978613
8897494
1895124
1177916
2961402
9369272
6041549
4683951
4623370
6669244
4776062
8222548
3095265
385301
165035
3285986
8154580
385425
9655511
3955127
2129984
2819733
2464647
8045032
6753084
4051197
6606470
7110074
4370643
1577984
6542529
7127052
5453056
4634992
3886741
6461517
9191169
4277644
1650983
3651214
465593
3097905
6181465
2797558
8229094
8484312
9606516
3603088
4507034
2624963
1462650
4150376
8990051
2831806
8756552
1665044
9835513
6987659
5652561
7898622
3893079
4830473
7649463
781076
5484982
5230392
7292247
2101979
5292237
7642606
6653983
6620314
8476783
7087727
6099422
5885585
4537175
5050548
5920478
8971558
2264144
7591899
3144312
6351453
4379980
9265390
4973583
9410252
320935
9548506
9082147
7756538
6948682
3131056
366494
2940742
1185900
3226488
3015535
5361594
8280985
2297776
4090877
9712426
2479537
489323
3015506
4961652
8922853
8710290
2601336
1675210
673024
8262505
5501772
9046007
764598
5226298
6130604
4928809
1728372
1903233
9460903
7266096
716876
8009178
2228006
3976960
9387258
251666
7976861
4260438
1366352
7115962
5282045
9616774
7142323
7625043
8108840
2567661
923347
1552628
2548953
7453124
7211120
5314349
1843066
2935342
2271873
9379231
4334393
5856450
8588544
3338099
8712954
1630039
5420861
4486960
755596
8694534
9301045
7147848
6334145
2266061
6554258
4320527
4362278
6385856
1408519
7784526
1445615
1234657
9843677
5094039
6806298
864617
9040985
8029257
622541
6900788
8892696
888891
9502537
5415492
1234067
5654286
2160096
6447349
9909949
2164382
4483987
2783349
2256337
2822177
8155898
7275155
8671691
8696590
4932261
6681244
8675105
4175388
8086425
4097085
6195038
4026786
719989
8259689
6727768
2426828
7186135
1015037
8381685
8757222
6107999
2278391
9875817
8074486
8473514
8439809
7401419
1918264
2093704
3598316
8416485
5896141
7271771
6834171
275617
681153
2555160
347504
5493345
8257370
1039159
5405650
3929668
6337554
1937208
6456789
833661
9302910
3877262
2557153
5081697
5349802
2007968
282441
1053185
8257159
3587350
9175822
118946
2140287
167778
4896710
9276165
9657575
6633356
2511756
1160342
3290787
517808
100562
1208006
267290
2807272
8574085
9822593
6011789
4450404
460456
5189014
3923519
8015975
2933285
2392942
6722164
1997337
1497899
3371776
1859422
5464583
5405181
7202934
8425276
1698794
2257196
700547
5191415
8890495
2830064
9417785
2432709
9758981
3964699
5873000
8022793
5353930
3528785
1963276
3620783
5143825
8929520
4880078
2760339
5658721
2762650
3076622
928912
8784606
3019898
506860
9777236
8428368
5022129
5280354
7211728
4500828
6436573
2405927
6117483
6038352
9447848
6913965
442310
7026685
1551130
2000889
3189773
3342205
9309762
2735336
6661676
8882323
4208041
495406
8667229
4168336
4677068
2836965
1058264
4852539
2295393
5260193
4458659
7500448
1073413
1339427
8702389
498067
9578622
8461596
8586747
9905129
310723
3064285
406356
9808214
6070032
9567290
7001440
1892451
3413724
5016105
5917263
4959145
7613619
784097
482393
535293
4119905
2397373
8705966
871748
2859535
8916192
4576023
6479509
521908
945885
4856145
7132119
3318670
6904471
51953
3199048
8806248
5320427
3116440
9743275
111610
6097238
2567310
5383360
2528443
1554585
5082008
4047361
6253140
5916347
2648911
9836754
8915169
6779583
5258203
6445725
9758338
9357635
1984759
3506153
3101900
8412102
7641729
2029672
4547312
2274623
9656592
618029
8494247
6056616
5432504
2740840
3999673
4913065
1589033
758670
3517822
7235730
2567787
5686136
3874508
1057346
6333182
3495483
8713566
6117026
7861936
3983100
6631364
2988938
6845072
7181063
626359
1715088
7018454
2033190
8873265
2249830
6463285
1220804
2950889
6019235
4072527
6003513
6633405
551063
6414690
3976795
4540852
3381688
1815390
5040178
1395302
6575089
4511201
1479059
2183122
4712785
5760457
2656811
3143790
1499614
9715669
5088779
9885859
840276
3143392
6622421
1789595
2613437
848243
9802725
8192329
8178074
5901253
8684628
2700998
8517415
4925893
9507433
9651729
4835172
3366092
1197929
6618335
341271
7397244
3487474
7297938
7550491
147157
9204368
3575810
2757942
811771
2052636
3235768
4624053
2975445
8926424
9367917
8803053
8302599
5472422
8655003
4939215
2231916
9555618
7034162
7204004
1854155
9394706
6953499
9321132
1622577
385338
9161736
6778409
2711913
7136747
8842368
9196825
7240896
6004876
5342651
7658899
347491
6987149
4068907
560468
129768
4537527
612394
2644107
7395494
1070997
9210375
8702713
1607774
3331864
4718178
8069932
9621297
7749278
2926786
5661177
7557856
9068637
1972376
6243350
3436732
560820
4936081
938597
4333955
4362095
3744946
9853297
6301880
383545
8530078
8526472
7765094
3761749
5471665
502559
5105863
1870145
3587477
8837109
8500449
1071534
9699455
908726
5541172
4720764
6426736
7379032
5260344
6835827
2307435
2157487
7360143
3122999
5904456
8260861
7931227
8369150
3492313
8154068
4817751
1535636
2839745
8346593
5975810
4471041
5271778
5888621
5357248
3055170
6080364
5890915
2333174
6657337
3135425
9597447
3279350
2900841
956888
8194551
8596221
6856143
1036456
9052574
7144463
4457638
1298255
7865219
2554425
3065620
6176954
568551
5667810
5068866
799103
7711907
5632703
3423895
664536
3215104
7546918
2520594
7056088
3456308
2240141
6179236
4637863
919277
2290060
7543433
2103839
736735
1974913
7183720
6124261
4186302
5170598
5445073
5756570
7483908
3475719
690519
1679532
6047544
538957
4831485
5829752
6656946
1636795
4747911
7886269
7775637
3529649
5215516
9918543
7855968
6289393
7066399
9051849
6811566
1516238
1160314
674400
3308696
6225172
402007
765904
7602899
3222245
8514463
957549
8070908
2561220
4421150
1416757
4581280
5090245
5349333
5631484
1480109
8102597
3949427
3432091
198855
8436068
8558937
5356006
5443113
7987895
7520534
7700498
1125881
9475808
9022582
4086586
3122267
4549941
7203009
3552781
3635004
5019607
2891024
2778720
5191905
3921205
6669215
5718649
5666016
5651858
4831805
6375316
6761987
578527
5096627
7519558
2486353
153076
5570096
7689271
6510176
952342
728922
59527
403334
9142243
5790912
5719500
494332
8658272
2891353
6906626
5540718
2915109
9896495
9315674
6738201
5542833
4499931
3790775
4216495
6749467
9233896
3656466
2257436
139250
1223544
2834266
9844550
1177045
216586
4087138
5954192
7144685
5986599
1939155
6315087
8522886
3243874
9274225
5590123
1898022
1225938
3474107
6705931
5165809
1704857
680588
1304864
9890597
5043044
4719499
2070041
2765621
2003941
9526687
9975295
9923695
8833113
5279560
1007087
8000567
2636135
9265449
4052702
8267337
4617776
9787307
4072546
4785728
9709414
7187562
2584430
7410689
2412756
8296748
2968365
1325898
5596766
8706560
4145213
5007723
6725755
5071903
2019086
310618
8666593
5102588
7116651
9392268
667545
5961921
1795811
4122544
2253917
9575926
6641282
6353005
8812583
8885494
9870037
9988683
3915216
4807313
9958804
7606598
7231700
530614
291743
8789490
4454367
7361878
6034978
6238608
7708273
9659404
1850999
9853675
2346165
2366601
2127970
1460964
9590267
9103524
1827196
3603952
3363516
9325584
9301364
5821716
4895699
5490067
643550
5069536
7644185
1739452
2828526
8178987
6898313
994930
4115038
4404607
3148890
4940084
584741
1721960
1587930
5454864
6487643
3537943
7011645
132874
5616476
4990972
8586226
6920903
6888467
6635683
7152311
6558523
2976644
7650681
3981580
6759566
9821944
1233596
9793553
9590947
341226
395778
1698753
3001940
7245062
62962
5947976
2891101
4107054
6672341
8216682
5131422
3364364
3966711
9380036
469816
7608501
1491042
7514587
6371755
7603215
6087965
3447217
6477674
7758627
7480083
2956463
7911678
5551527
3409338
6581868
7108341
4597025
914251
2476595
2944865
5277366
30114
6322349
5011458
4357629
8693597
2945830
4582078
7828951
8753340
7069091
1697536
119353
2494965
7272904
7293597
7894178
7793351
1032800
2658499
8115172
4717599
8401133
9791646
8857599
3613737
5578811
7007894
1968167
9253779
9184119
7212165
4411479
9856153
2937150
2480679
4683183
9220060
7194676
1661290
3253646
2627973
9285512
1244108
5157199
865699
1515000
3712718
6037169
2707086
8663689
9244306
4950303
8900920
3509053
5078947
7499441
1971310
3840079
1693102
2139802
7843625
5097207
4473634
5601573
356160
7796193
3623431
9158722
5817997
9262221
2426155
3844116
4639671
386333
3169802
9364665
1564352
7778048
4842696
248021
7344907
1791285
5765880
6394277
4916030
7386667
3489575
9771258
5978286
7000944
8650702
1199130
9282862
3048130
4350442
5001480
6991416
3176250
1075374
2326651
7844473
1489668
6407242
4451656
5005920
6069381
8162646
757592
6830210
1297353
9579046
9841963
2143538
4993208
1117923
9662412
6910318
6635459
7920512
4365986
4769764
1791974
5332788
7445451
6235497
6842221
6704986
833283
7820058
1358591
5222752
2083584
6880244
2951617
3326816
5975498
9465359
7160864
4934321
3564400
9253807
8511979
6405259
1092496
4042248
1206377
7968748
1521651
1637721
8164344
9424555
1134788
5750031
8414596
8589304
3918097
2201785
3959293
5584368
9807924
6488968
5161059
1535077
8919006
5789603
5599806
3392481
3295837
2809138
1096466
2470913
962640
8802449
295446
4510850
9350760
8659252
1242
4377914
7305316
3425018
5778027
6960487
4263636
6086532
114026
5228208
9172739
8801748
2631721
7044503
5159632
900152
5295970
2436312
6197947
4053554
9237180
2255486
7496897
2364778
4743808
1028112
1183956
9193751
9365242
1603986
5681504
4773437
9335218
7190734
5692094
9347495
8395828
2347326
2272129
3437202
5370872
8819680
4625176
1722162
7782024
6573407
1995800
324136
8161506
3584305
5581275
2617514
8838408
870123
8582146
5382946
2859560
2565605
8591578
3723547
3205283
4028177
1683676
334641
5098921
1074047
902921
9126440
9178468
9637712
832003
9210428
5204974
1525981
9849181
8497615
9150262
6218477
2111409
5457813
3472708
5309155
4137559
2779610
8208866
6199961
4689617
5200209
6792244
833184
5704624
4738651
9668517
8210029
7625351
8073138
5284131
2042561
7123007
9629549
4543107
1318892
8374928
8003488
1046231
1667806
6289875
1770177
1513182
8347303
5301540
4503909
1729507
1337660
5566452
395413
174564
2435722
6999280
6528833
9193783
1143660
4681255
8995207
4008046
5219827
301460
3449428
4745366
5640298
50633
641244
5577751
5547114
7730312
7277006
2744841
2702
4028798
5077892
6520078
4686625
6013190
2546732
6426044
3763066
8377409
5761721
4393399
3646603
8173298
2143352
3712870
2862214
4794293
7152989
724680
9098434
8096127
7949605
6151086
5406189
3548064
8400066
9564163
5867819
6703367
8059236
3804892
4177830
156051
7782865
433006
9238844
4545901
9154977
6223018
2877363
2360697
1663344
4395007
1717843
3440211
8228709
5579126
9758783
9969771
5357625
2409949
9611553
9120788
7239928
8719749
6342631
8046142
7096522
3090939
431449
2056247
7048598
8027972
9389699
6255846
1374592
8045978
8129781
180197
9165979
4276154
6793408
2591231
7488929
5709822
4862721
995795
8049198
8860335
4234063
8025832
2381936
4014173
9545549
7122412
9717027
8883805
6721760
1135545
4931487
3207018
2679677
2635660
4974150
9479799
4754606
865758
3948814
9084537
1342498
223123
7552564
1304513
5217788
7955446
4397173
2462177
6838751
531589
7398914
9805758
5370236
2343967
6689229
4379847
8501095
3549203
9651535
8420594
5949046
9518300
9785943
9577997
8119233
171268
5392497
3749770
2936097
3461184
3408224
9752127
3860189
7491494
5513612
890983
6769840
594253
8924455
294843
2498033
3883817
3739094
6283762
3852539
8951572
2169414
5463338
5682204
2293405
7118202
807899
399836
5742978
9711180
4173149
2723242
7847463
4764675
2241665
196640
1848118
6008543
5039657
5744785
5761544
3369646
4565996
4117550
2254604
1956206
6056204
6631141
3132333
341075
7409440
4245201
595095
8429029
6913085
8362668
3373522
7017550
5166548
5819828
5355551
9396915
6455290
9903273
2736715
3523627
3747377
3484119
8703734
5743974
42285
9564147
7405035
3891810
8204960
741285
4426166
6947680
7456680
8234932
1336990
1080565
1219880
5352609
5812685
2260314
4129688
9788625
718655
2024160
6175956
5561078
9268196
6730324
9759018
1970820
8677741
870696
2377743
4638820
5483804
8785532
9581891
4829316
8402119
6906540
2998234
4068598
5098307
5570987
7696432
4014522
513877
2354015
8679221
4787759
9846253
3537766
6180033
6551556
9886064
4221008
4602974
6887073
3156939
5788414
861167
6204512
2666977
6671226
1111846
8003162
5865863
4975415
1632491
3211723
9516790
1551490
6736324
6689708
3238225
9224010
7215393
2474422
6323399
4767107
267456
5616552
4263586
8639619
3534898
1308235
5264319
6256754
5598399
7176502
5354377
4977679
6166982
8939955
8320022
8749264
8989391
2577458
7446702
6276602
7528168
7960768
3958965
1824293
9864448
1261420
66929
5480877
5761244
4073230
5149067
9650221
9415215
3740134
6919477
2263443
1234327
1269895
1467451
2741219
2524823
6345267
5448978
7608053
2747701
9497505
2689086
8712452
2013603
6091586
9809091
3407356
6870070
7551285
393976
1917934
8207968
2964812
9406468
7900328
2015120
4592851
5725047
3598930
8156898
449186
5717121
1064653
2739466
5877046
6095424
6050128
3861113
4663557
3182861
5780438
7345107
3555227
2449739
9767080
1395125
6589005
9367428
1361656
5072832
7514052
4703834
7067879
3463613
2446344
4087
5354653
2779562
9901835
1805426
8595675
3845274
8940038
8841046
1321960
9812742
4949134
6797845
5755939
6262964
6047270
5545987
5706227
8448916
7920259
7376581
8164401
2529120
9309029
6033722
5691373
3171228
9868491
2157299
4490865
3849632
9421430
1755839
657936
4415644
2634306
3039064
9072049
5502070
3565065
9219873
7126573
4778001
6393467
2842379
6978756
6762229
3104100
3810573
3760002
4266444
6362495
5075777
9974538
6099968
7953161
8055072
4919311
6771786
610362
384074
810581
2529117
6443898
6151691
9191069
7348381
3112325
6466591
4977719
1473356
4640246
691298
6007856
1724828
6484585
6968272
6256275
4758090
4095671
3161204
4922330
9777163
1187866
335451
6973722
1043835
2754258
2297815
7433030
9119252
892595
6347422
8744489
7964071
1646766
5410078
2093011
5059419
2732055
2579136
7894781
8248402
4980071
7393619
3150022
191416
5145079
6942005
1786040
8587005
6656239
4143150
2855154
5213553
6933029
6827197
4585468
8727068
5804520
7706131
9502634
2352243
29442
8811467
3646078
2667517
1743878
2004938
1066395
6078255
7134037
5337436
9893378
4695865
2639961
7522317
7346658
1988575
5487811
9451336
2720232
7388598
1783401
3328351
3209184
6428916
6507441
3873650
8312429
7028424
206042
1413562
447929
3595783
7510143
2900977
2825267
9402655
2885763
2894624
4174237
2905700
6031442
6768814
1905077
4295223
4327895
5999956
9460955
129130
4162634
3046081
9650668
1712263
2438301
2704243
7752486
5278386
1009144
9969299
1508505
9260206
7424125
1029783
5142155
6669757
4532037
1002422
8497146
5743800
8625429
3655646
707763
1169222
175945
8108119
50973
981339
51913
766867
4872246
2930204
5235386
6264176
3156434
1782512
7848414
3491839
3555352
5687363
4594906
5915697
6473915
9522537
8361352
9343137
9490232
7915601
3962745
4651926
7637651
8190988
4855365
6812586
448440
1807990
6951294
3365773
352444
5024545
2169027
4842750
2861822
2547059
4327809
2148296
2939630
3678730
2931260
9853730
7192647
6035745
9190592
3680335
7049032
1036645
399723
7988254
351702
3217353
9886565
8837101
4344298
4932478
6214910
1582652
2438244
6231175
7596068
3123706
60485
1282956
6029826
7197836
6873510
1113518
9640382
8521618
4837606
2948411
1536387
2209618
2205417
8948561
8925075
982903
4953436
4617757
8200552
3154296
4596380
6026642
4452790
6216709
9782632
9481310
2332775
3254649
16711
6998811
4930757
8531761
6136675
9975310
7268407
1560940
4178193
7366780
9556885
8725487
8710297
4367472
6377
8263952
5377703
7490809
4454836
170620
9791408
853224
3791865
6664276
2254881
2373122
2727855
2274199
1741694
2873471
8991606
5536447
151597
6245933
2975534
3055574
5896299
9304760
802101
5228375
8959455
1312516
1289751
6833236
9525586
7718684
8678469
9749882
5204965
7978534
1315025
1370518
8321898
3493342
7513832
9196566
3341324
2037029
6780062
5648346
5199715
2289627
6794951
2752944
5831017
8734132
7400171
8739909
3215138
6815451
8333138
2437475
1387708
8638364
8335371
3527599
9689200
8552330
9116425
7349811
420475
5273728
7416040
7815127
3327525
3552939
5573653
6985667
8600692
3008187
3369843
7329352
4716637
7907326
2404163
9732000
6352592
868786
8864806
539406
9142250
4395751
8872056
6231249
8673420
7867782
8327351
1346385
4153456
3020446
4297599
3814826
4106983
1929961
2768543
1975216
369060
6962689
4485522
8943949
2757427
7222195
4347327
8889279
9366414
1971272
8330871
8156904
671895
2141833
482337
6413961
7768002
6452341
7273884
3089710
3191173
9926281
3152580
7207637
1882728
9211638
7276704
1058884
9406337
3673948
4162457
977755
2374574
8444492
4351017
1585335
7775871
850460
9672180
7333902
6665522
7186165
8372284
7172243
4658046
398023
2326527
9868764
4338338
3792262
5037746
4940056
9001931
7912721
904322
9867532
8277152
7511896
1094714
4369896
5150598
9731190
8881295
795476
7484018
801232
5612276
9849502
8482944
7796642
1648435
6289364
2335116
7692726
6686347
7219210
7250952
4986364
7919217
6705238
589303
8677629
716232
6169967
1461064
8883476
3994616
1201296
8263416
8030473
9592346
8903473
2972590
2225503
8153836
520642
7607812
7686225
3187944
664206
9705565
877747
3651180
2685172
5036947
7869248
7804166
403414
1566743
1882542
2077306
2929751
6422239
2193621
4619134
1546024
9588564
775854
3814449
5564654
794297
7269890
597871
8982026
2965786
8112482
247087
3848676
1617386
6768265
7936010
5293677
7788133
9659113
7176425
926980
1706039
4073893
122932
4299544
7677549
8704681
5980439
371726
6990358
9851075
8713980
7904714
7985974
6268513
3296139
509474
7325782
497324
1637148
8327515
325166
6592972
1426848
6745810
1560960
7011554
3395231
7160982
1047814
6563603
4491430
2420397
314991
2561836
4585030
8701625
2408370
1775025
8156108
4071684
7919191
79469
2169833
615430
4393041
2674094
7461862
6692282
2882047
9762250
7347030
5626819
9620413
9439466
1697992
1565240
844688
6890524
7992304
7342100
7154734
5384126
6498369
2114019
7470843
6406011
1038954
8672453
3375565
9187197
7150925
9634977
194713
436444
1959292
3833892
6239770
3993217
6135465
2727280
4471500
2325060
6055695
6964625
3121488
1068257
3947105
8760198
8188139
6994542
1752738
7927063
8502180
417545
1786393
3472658
8686797
4666204
4006276
5374918
879357
5464705
9389152
8086141
3082911
7780486
5083611
4101038
865889
5907589
8852019
6432903
9855537
1579764
2591513
485949
4066734
2808745
5544865
1535014
7708956
9461930
2853762
8136216
9024840
8319242
2492494
5203063
2671021
7499709
8524987
189753
9529537
9910765
8811748
1623019
9702124
9539106
424026
7218821
2733791
2145368
706722
1203228
6399244
2085784
2644984
2388985
6323530
5594647
6139531
972711
4447110
2690647
9899436
2888111
3568575
4189679
2531931
7074040
9068066
5208319
9946744
7684648
8708602
1780694
3768308
5005116
7498645
171061
8859228
5665733
7891069
6604211
9804481
653905
83711
5768430
1330451
9057496
5219203
6099366
6275346
3415054
6642378
6643705
1802412
5063197
3861508
9342497
2895498
6495755
2506506
3912551
9507418
5864070
5094588
7091779
8996619
8675584
9071657
7004445
9018052
9776734
768540
7023930
1693611
3658716
1222815
3230359
5924174
8888963
8848070
4085448
4478527
6638137
7530305
2494431
7103999
1058207
5156811
9392374
5448379
8461288
5255819
4440269
1188686
4533390
658559
2747249
6575528
233327
1565397
3813737
2537197
7117341
5761180
2050259
8196907
9984271
4987756
6193313
3495681
1116
6179271
6074169
6772116
3546194
5088575
8495179
623429
1273719
2387357
1577603
2562263
8689176
8158690
6250786
7297475
4467925
8687721
8610326
7814231
4433253
9635748
2416404
8931954
6443703
7184976
1967773
2980002
909301
8182478
7307447
9386434
437764
6075008
1199691
5058396
98420
5043416
6814546
9157927
2281046
7327279
6254166
6092668
2199623
4062922
1825500
7918630
5289976
8774742
1275979
4504294
8920602
4400344
2895376
6305611
9968181
9124817
5073318
6995564
83865
9960443
7574263
3722782
5417244
3495246
9547764
8508387
6847245
8275854
6523482
4283690
1446156
6828809
5521166
7126015
2651084
9151632
740517
821396
3908949
6397761
1391852
150782
9746888
5771760
2582898
9833748
8252663
9381801
2171498
1125810
2975657
3234903
1036924
9422285
8757650
160573
3173969
8523392
206519
7232092
6243517
4635322
96769
7734701
3161897
615547
8118150
7351852
5728896
9657074
9979921
3552893
6424199
4515140
2576224
8325227
6197826
6175156
9568682
638851
4515837
875111
3921064
6155112
6273579
3576522
6716077
3428663
8119260
2445738
516329
3396258
373560
8908387
2662313
686824
4672753
8362731
9405869
7640817
3192863
3511983
818854
6520748
6693448
5712127
454128
55033
3878664
9389046
8799896
4794370
5011277
6653160
1421951
3912715
3327880
3229981
9987306
885383
8320756
2546631
4023013
1805524
6212253
1053378
9473456
8423827
9278851
1163745
4979831
1369602
9952106
5956543
8520681
7406625
5550373
5208110
9301558
7000728
7023067
6291998
1776951
1746906
7996185
1721842
558014
1566273
3822371
9649940
7503328
3754633
1870291
5125498
4457947
939312
4701055
84724
6646494
4653999
6669448
4821781
1644658
4540698
9000282
8771331
7343523
9966510
7469038
6582119
1120382
2533949
3892656
7041018
1202728
4421142
440362
7707677
3835970
2758523
9866542
2900807
3959946
9047146
8941896
4860509
9016735
8143624
8128917
2689971
8283999
5369823
8263827
8266505
2076983
1281368
6493815
1714698
4699079
6520574
2788200
4578386
8334514
9211976
5770886
7108499
5866411
3236675
606095
4102106
7223689
3217949
3165690
5014392
3369361
3704939
5102236
2355380
8919379
5576112
2651944
8793900
6691210
9462093
3641331
2397533
3438335
7711378
6189730
3104330
1764881
5416641
1189593
1016138
8278628
1158003
541153
8692951
1056449
6093034
3335370
9537174
425643
8469906
2683413
2999359
6099214
8847075
4827999
1664568
526245
8753933
485542
5787310
2168293
6495530
5012826
8036600
9361015
5277617
8814290
7295879
1853153
61777
2468424
1844093
5948601
4605938
4112024
2277642
2180845
7821233
5822244
5954520
7302295
7867888
8028723
1452761
6012497
8330415
9978615
2457693
5995518
2322960
8209619
6223309
7939103
2041608
8791246
8677984
6945816
3995568
6199538
766035
5452093
9469772
6097083
7610711
2983531
509704
2732258
3000986
2719549
3071059
615674
3810382
50572
751402
2859568
1696652
1305865
622785
1540963
8772648
1359554
2644055
9494950
2910038
9543171
7713834
9516703
241268
7872926
3622730
9408486
6891268
1364650
2008722
8907699
3407369
6545465
5771932
567420
8225907
1145587
1091476
5508851
4366047
9306967
3587277
9034532
8255635
5938601
4107249
5170758
9716139
5640049
9732748
6878720
2001043
8987143
227003
9417348
8150141
3281332
9170935
210187
7392269
9423159
8218423
7481661
5343942
9458357
7750461
3116299
32378
4679549
1574765
7602918
2853286
7754287
2562309
6246728
7465344
5144283
5575719
9359789
8281157
5703516
8573083
5685224
227449
1686919
3464889
8941700
4052200
115410
3361657
4737866
8801521
7797204
9488735
2200706
4123279
1014225
7043671
9018318
7120786
657028
3610523
990917
9311384
5193463
1265339
3548027
6185783
413215
9238555
1042389
9610103
1892186
3058750
636092
9973658
2023142
3647943
297795
6089053
1606822
4875838
3837831
869816
9010379
3011849
149845
9902415
2920137
1473596
3100424
52732
4062815
7545822
6005678
4723623
9536784
7273882
2183555
5880348
8578856
8387174
9310032
3488127
1250564
7232095
9776390
5494605
6271301
4082609
7471711
7445150
1446920
5916537
6316081
9175019
8238927
9232336
5161123
3535496
7801076
9503095
1744674
892450
703239
9589642
5938236
4417712
5985196
4431136
943030
8486599
7907692
2627243
6252336
2149494
9905335
7949209
8472014
6405539
7892186
8479657
8715967
7624888
4768415
1854870
5125318
5817662
6184773
6804075
1827714
1729988
6999570
1344639
4366366
2403632
9510120
5236367
7763470
3502959
8384104
5305989
5731411
971965
696658
7467289
2949963
1050399
4339261
9590586
5157845
6611484
3670309
9618604
7501167
8837332
4742807
510140
2873836
8632703
4975549
2617000
3480478
1113171
1410679
1690373
7666196
6908533
1939263
3711688
4798513
4357466
4623502
442906
8219804
1835248
4469511
9426248
7954765
9886447
9154572
5307989
3271506
3554283
3013127
1122881
9861523
1435979
9350972
4356849
5963295
3459201
4214645
2355978
7514283
5664209
973167
2537008
8585146
7936562
8762486
522314
6276768
4178238
1412941
6280116
8080847
5200050
6300478
5999519
3600361
5685767
8179220
5186301
4312556
3629314
5262295
717430
3169750
1591547
5180778
240927
1040122
4724248
433083
2434196
4039109
5094803
68944
6666898
4671447
2324216
6714287
8717524
7676134
3302559
4495680
4013482
5229830
9584284
5201603
1331402
2044296
9569150
1561063
8800840
7592708
8758334
4178172
1614588
8514793
3306755
1033731
7484457
2775439
728490
5390349
9513398
8977902
7273709
3597459
7133882
9856220
9645120
2364071
6828749
2406351
4368451
9938309
6122228
1297699
5032098
7705519
7499188
4471942
9376523
2791913
7489676
6145646
7038877
9096130
7274947
9440309
3349226
5688724
1200101
8273351
2927925
3172314
3202849
8386096
2989455
6438031
2571583
783474
950982
2542199
2723487
1614753
4956078
6268337
9904529
8348585
7796606
6058043
2096098
9146652
5099231
488737
6235706
3616436
9004128
6219695
4450286
9877291
7670914
5403841
3960508
6547689
4696238
4982167
102052
9334324
4505980
71978
2096440
3884226
1001128
7533242
4924288
6251144
6284690
931005
8256295
9750586
3001041
7993693
4482062
4118645
8277100
394347
1237832
2021371
8560296
1179998
4426909
8462710
3118799
716931
8866128
2737743
8341068
6654806
4099375
9386305
4035315
8764223
5969044
8248903
8533736
9849621
1226442
6413715
4995448
8973304
4195504
1819405
9602918
2965459
6906802
7343973
2885028
1482951
8097681
402061
7874680
2378398
2372153
7685594
9305526
6162572
9290418
8017082
3896821
9171787
1547539
4516178
5092389
9838845
5374210
2334143
6718259
4798349
6863424
5085636
1912751
6548251
6063087
7043400
5360557
6087908
2063225
7294885
778305
8972651
6211660
554706
696832
8370585
9388000
3674983
8123189
9365057
8865214
9070401
2962184
362674
9751356
2019901
480766
8415251
1523760
4603143
5087247
5570210
6106746
3718641
7343526
4773327
3992680
3355116
7992907
2416703
9941151
6751498
8778989
6547259
7334406
9482623
7332546
6895909
6606673
2798145
5008868
4374426
5698115
4393416
3626572
3648439
2445914
8625922
2197296
3324654
9739518
7231946
6145157
3265670
8271052
4837591
2599662
8685753
3174414
7496535
632744
7667469
6737768
2763835
1872792
4855851
5710776
7161460
7906748
593821
8200909
7216515
6059046
9371255
8809735
3647177
7867816
907661
3221552
1831290
276153
8804745
5677619
5572906
2263905
3800411
4828782
85912
8012796
7456959
94705
2359340
2891951
393347
5651979
8801487
3808486
3359196
4599386
4179810
4336831
6377336
7450119
2230139
2031171
5070949
5662577
6431015
672030
9196970
2613212
554800
7697342
9639999
4724516
2027891
9237096
956793
2648126
9057986
3225016
7200648
5767322
914356
6037951
1354026
1787274
8035823
5377515
9945038
1872283
9820509
4687061
4103314
2764024
3641197
9859598
9533248
5988254
7283373
4313506
7085648
1248505
6400504
668081
7389487
8019169
8235583
279825
6195887
4172392
6811036
858918
986497
2594628
1874765
1235189
7341124
622690
7801791
9476711
7953888
8884661
8721392
2219091
5901550
7047321
5255200
1158577
3956183
1071639
3550764
1595999
2984201
2111816
6957047
6745986
9043680
7370904
8868805
8848989
6316416
3105143
6174993
6075857
8577548
8758804
5746354
4870326
310741
3342304
8997573
1007313
7057236
4152181
7558746
7473556
6410527
8900036
8773766
139008
93766
8609381
4605324
3161960
9549318
4050443
9148622
386487
5791823
2460215
9627259
7866885
6354111
2386077
2986193
2734492
4957682
7104231
9773902
6337038
6292332
8553259
5874672
9053571
2100312
4702976
2603473
1516494
9108858
264193
5094456
5883472
4065694
6418013
7085171
2645496
4267685
3314266
6214747
6032125
3473591
8227412
3280527
3118526
40200
3127874
8248168
2171384
1994184
78518
9484142
6030906
8258754
2213712
9453463
5334166
4785952
8309292
1196783
5856489
1823782
608987
6846219
7657241
7785802
7673527
6546383
2849619
6810533
6257274
7950163
2975104
383490
5316155
9427463
7646536
107726
8682680
5572191
3877596
9214368
7231546
1771818
2994287
564391
338721
9148639
2697634
6069352
4041571
9680451
6208067
7447763
9475506
1354874
9724750
2845032
4757510
8817981
5765464
8693030
7346448
1650859
5117203
3736246
6079446
1779239
7818031
4422506
2116012
9300499
9250610
9131750
2500133
1154108
4393007
7059697
8932922
787216
7779125
1158896
1061218
9726890
2902503
3660252
7386940
264775
1041596
4320275
3333632
865058
2050305
3479297
1708186
5817962
678640
1692147
9990350
9208287
8391583
7105689
4256006
9397402
4002720
5153606
6782110
4916633
7406535
4255840
9547480
7981056
6367182
2209550
3530618
1092388
7254382
2502857
4717018
7321023
9893302
9065683
6242815
4676562
5634092
7237730
53970
7404725
502545
9675410
3822671
412894
7569088
1762600
1961692
7645578
6646482
2863217
5566456
5269344
4137257
1091083
9478960
8961593
3999546
4423484
6182290
6658739
7787848
2131312
5636708
5869148
4556904
9441279
946097
5268504
7091168
6571892
2873534
8746704
206859
3857660
5922126
1601887
4069870
1911118
8958188
8468332
8486171
8428242
9739428
7826302
8017521
2635258
6216571
5659887
3237173
542421
1929218
3841906
9683499
3075680
6548521
1597786
9847953
4193956
8052645
2379698
1836834
380397
4469501
4151424
186096
4493325
8481443
9655795
5294200
6919633
7470281
4384852
9304301
2533804
4879246
4420363
9516913
5881211
2199936
2443273
2807775
879736
1956021
782077
9906983
4109978
1229138
3716951
7837755
5794639
4177395
8403863
1767746
1058912
7743036
6256665
8595528
7112338
847424
4413968
3416933
7029268
22082
1477608
5611013
8660708
6361925
8314275
2387467
8750948
5952782
2721171
6372471
425043
4444400
2549592
4515469
3990205
3803065
9481472
7874612
5899962
5418759
8742253
5933267
4897677
4338715
6894038
6920659
359097
8339553
1319735
4540999
3537468
4386071
9008619
4485204
4593252
2628944
7094875
6162169
8177769
2047720
44693
3172989
6005234
1174347
3643905
212438
4022032
531484
8633838
2804948
7583730
9842849
2407712
3822588
533577
7701468
7996033
420882
1033361
2065524
8738241
6991837
9996322
4398502
6364106
267267
5179113
7881088
2086379
364381
4720413
4656701
9386604
5628709
8915832
8911281
1599751
9383320
4012802
3263380
8568173
7087936
7951750
3845991
6296364
9316331
3967445
8655075
9059734
5551422
8027428
2640153
4126532
1256911
5398937
2345221
2648406
1698516
5399276
4537844
2428764
5711079
9866365
984804
695560
7210893
1337891
6701036
17039
6018532
3944655
8147248
9531512
574674
9745171
8568361
1450208
5442036
2859760
732614
1990779
8169189
3276937
5699777
4467584
2233142
7661279
5590632
9989348
422278
1643524
8469670
9408815
5515153
3642861
2790026
1207897
4791507
4550989
8119725
3909678
1240126
5028515
3815668
7023557
7990667
6589591
4574913
5839747
3487611
5939776
351734
6211936
9695154
5083972
7571080
3638919
3384192
4314963
4315765
5988953
6191407
5229875
6169949
2611056
7850828
8251950
5288055
5485790
8954561
8697
3640629
6540408
472687
3304487
8610906
9765316
2479892
7197014
4103176
8770735
3565654
6106004
6659963
3028749
3403806
922709
5050239
5706389
4883142
5226713
39652
2808075
7792568
9358162
9305011
8984893
5228401
7670541
1299020
6248185
551824
7083696
7883994
3168585
792725
9921632
5864690
7290590
9492875
6780737
4905485
1366472
1901006
9447497
9426344
7955888
2870848
2244229
6088863
7147394
5183776
6713142
7235596
4853159
2587571
2064560
1584499
9102323
5821020
9546896
987284
2416252
6490961
5761068
9624082
4414430
1993846
107256
4423459
9555137
7488778
8552742
3459926
8143359
8329375
8274211
6880493
9629826
5888789
3954665
5758232
7392659
6011963
4297355
5733740
3095708
6781612
9466770
3947287
5103946
2937675
6872265
8443335
5704035
6923321
3772668
5208857
1752679
8680898
7749446
1457354
3374524
2228807
3246069
8470454
5301061
920207
5871898
3872366
2391292
9055903
7825705
1130214
5057189
8051126
9379656
5723458
4729959
4364207
32804
3222749
9500899
9795762
5551004
1004641
5592319
1720727
3840143
9735831
888484
1129128
9893073
395086
8004692
9579969
134739
248543
9961909
4536940
1303603
7249389
8204116
1879764
2199593
7037908
3325756
3503463
7186881
3534371
8140880
727364
9181729
1022463
9597742
3809633
3563137
4448084
1221285
9928247
1361131
283196
1649407
9436557
1233501
5525919
202188
5309699
7806736
6911788
9165219
4780031
4354873
4399595
2001714
4292145
7361573
8026169
7308569
6483588
5834126
5018534
9498761
9424137
9672071
2560106
3333089
1527989
1051880
9436187
8484207
1225784
7829218
9702674
3556955
4532427
5754671
8285380
5631410
3461797
4659915
762424
8655859
2727137
3161812
668774
1811054
4751203
4381957
9822088
7026884
8242651
1342842
5244297
1610780
9854339
3783929
7709546
8618531
5125595
3607861
4656151
4694826
7846531
9551680
8729474
1912233
3656222
6865248
6325984
1099486
1011034
6072979
4537209
4941090
4147628
831015
1600435
8722708
7132534
4782251
1082987
2878037
8015866
3826430
2103528
1822660
3400222
2085956
3349845
2677732
4300140
7964347
173989
4357041
1247858
9237216
1335396
1409327
4916614
9514612
4935338
2350597
7034251
247318
715162
8910225
4952191
7172624
5483176
6129597
2465100
2404607
7973260
9570490
232884
350992
2532474
4412656
2948430
5690925
408444
2503490
6707461
6714256
32638
859496
101110
4308930
4522223
6032729
5961987
8506781
3890720
4001926
2886910
4992798
4155754
3062710
8819924
3437811
2711691
3159519
6228871
7556535
7735992
3324305
8674751
8920468
2430031
8582887
1024875
2813900
6222129
1891731
4711997
3933610
7862550
574774
2401194
542188
3227253
1149169
6201308
5843320
222262
3771064
3889418
2172334
4292808
5788448
2375277
9733930
226840
3558455
2843265
8819159
1008982
8849478
95469
7916039
5946201
1667443
2536014
1106137
3947771
9984877
7284215
8759223
5317169
4577621
1538862
3743510
7120300
9937127
1210317
3896373
3444493
3150047
7675524
745174
7863328
1736900
241794
5161724
4231249
5160360
1876823
442371
2861935
3685048
9495637
8196692
3093030
7989457
9182609
9610172
2808972
3745752
844020
2905852
2465270
2135478
5093881
8056186
830582
3129354
4111163
2955567
2515264
7202203
6187536
4282065
1599296
1245894
4380147
4707073
6856118
7528051
7694460
3738910
5372208
2688097
1929649
9733560
9067656
102814
3641780
959041
5632893
1540320
1979317
8015084
9943105
8339621
1507906
4539843
4262830
1378385
4525555
6019972
4098492
4201275
4273723
1074210
4930766
7026174
4252541
7293912
498787
6670412
5472033
428329
6844775
2098280
4395686
6300684
4692471
7769812
6131479
832820
5480843
4158218
9427860
9047346
1441902
7019969
7365120
137817
8929811
8479629
7439875
6467483
6290955
6650612
4451122
7552011
2764502
5638807
2759993
9338512
2287679
8493190
8987986
46279
4304616
94059
4339628
7259603
6898523
2484785
2462438
7123242
4591217
3662731
729335
4180881
8612934
9061462
3390127
5516060
9088001
651392
3231801
9360699
2204498
5096538
4693188
8772438
7959761
4154609
8753847
1808625
9748762
5662419
2540221
879888
1757613
2584176
707661
721210
4636778
780255
3415149
5137666
7459834
9963579
1469904
7591999
3939906
3192199
6953551
4047417
1318236
3371950
7218151
7830230
1787965
2214128
5388131
8424974
5579485
5874938
9810886
9801553
2576403
9494563
5046121
3760254
6352760
7051949
1770076
142407
5009469
1234399
708813
7525127
6665737
2370452
873427
3764461
3592259
9699970
6560699
2745705
376125
4267465
1701348
5727952
3843970
7076886
8329758
6534879
7179470
4113025
9054530
7988526
2630082
6650183
2285760
6701907
5034230
1299681
7666796
9157577
2623272
2466139
7125540
6690924
3836043
80678
8361465
6905975
8874378
8416569
8000707
6701075
4826806
6657834
5538749
637697
2976645
4205025
6872289
2033920
1004479
8355273
8924620
5111136
1092508
3443738
291443
9729767
4773109
6788271
8941869
8761857
1977255
8673066
260388
9617696
3095378
4872466
7026409
434763
9683505
5796258
4932637
5098988
6449185
4732425
5201317
5455175
3151527
5037544
3851699
1009574
4219657
8230908
2694135
9694336
2270242
1633235
1298124
3291748
9654888
3627730
1803395
9891219
3453103
8825676
3112268
3849566
6566425
6908402
6194021
3014211
5155975
1387674
9577533
3680184
9503297
1979312
8516104
7901140
5187779
9071432
6881354
3569506
429351
5350733
6925058
5959255
1612779
2962612
8390064
2529732
8766783
1685220
2155339
2252826
2215574
9386681
3728133
93042
7903557
3883092
386997
9306390
4989940
5622478
8342639
8557330
2820223
6576590
5060021
7892506
923487
1115728
2527823
4376853
2514150
6810005
4787037
2514262
2345502
8154027
4172944
9630710
4393074
4243622
8131735
1400504
5477188
4621268
1865240
174369
7914130
5985408
8155824
2564898
7322094
3481520
1381184
7051757
8863829
9492508
8388822
8100779
8581528
4648257
6154541
9646284
6627476
2695992
9774079
5967634
8062318
6077910
140808
2436777
577069
7216978
6648242
5115456
3150284
4140196
8256933
3124437
1263300
8717092
4943505
9278190
7670841
1659245
4972194
1508571
2336274
3639344
326659
6579393
8661489
2009252
256576
236878
9463214
8508284
5525023
691617
3349379
821748
3220012
3448288
2849832
7401002
9629533
9868760
3674038
2817004
985566
9848631
2423881
2491169
6445818
942721
1435481
7355251
8080350
5077059
6299139
4945995
9865301
9471191
3879564
6799015
1185840
3981529
4931863
3012182
6842339
1922070
5521855
958200
4937708
6106217
306099
5571915
6752499
472680
521609
8092759
3505602
808667
1492274
6333931
6912957
291668
7783507
7670085
9695176
1474062
7223352
8293195
2781374
4304506
1514786
7874675
7911794
6459423
8851054
7232238
920061
1482968
9893279
9159582
6621527
6521083
4091820
3939698
6579422
3019141
32474
1066381
9877851
7081677
1432390
7873528
919992
5336976
6632658
1222606
9558307
848041
9779808
8918510
2106583
5333039
1306233
6068183
7499919
895484
4607081
8209857
9300567
5438257
6933868
3040886
6364317
6382134
3309232
8485242
198698
4019115
7024410
9706551
8276462
7938862
211080
5038640
