1116
1242
2399
2702
4087
5709
6377
8241
8368
8620
8697
10752
12977
13795
14495
15097
15633
16711
17039
21624
22082
23308
24463
26403
26727
27213
27784
28093
29442
29484
30114
31207
31223
32378
32474
32638
32678
32804
34584
36570
39652
40200
40622
41825
42285
42431
44693
46279
46873
47479
50572
50633
50973
51913
51953
52389
52732
53970
55033
56772
58499
59131
59324
59527
59731
60485
60671
60815
61113
61777
61861
62578
62962
63078
63756
65094
66929
68944
69833
71937
71978
76051
76315
76368
77020
77435
78518
79469
80678
80942
83711
83865
84724
85912
86555
86971
93042
93766
94059
94705
95469
96027
96167
96769
98420
99933
100521
100562
100906
101110
101775
102052
102414
102814
107256
107726
109996
111363
111610
111831
113427
114026
114203
115410
116783
117634
118946
119353
119727
121982
122932
125421
129130
129768
129813
129890
132874
132959
133329
134561
134739
135934
137817
139008
139250
140745
140808
142407
147157
149845
150012
150782
151597
151654
153076
154340
156051
158348
159302
160573
162265
162696
162856
165035
167778
168034
170237
170620
171061
171268
171273
173750
173989
174369
174564
175705
175945
178228
180197
180815
180853
182501
186096
187849
189674
189753
189978
191416
193005
194713
195225
196640
198698
198855
198931
202188
206042
206359
206519
206859
207435
210187
211080
212233
212438
213229
216586
217171
218161
219972
222262
222515
223123
225224
226840
227003
227440
227449
230497
231852
232884
233327
233707
233751
236873
236878
238194
239180
239319
240216
240927
241268
241794
247087
247318
248021
248083
248543
251666
256576
257693
258249
260388
260407
260709
261608
262688
264193
264775
264906
265630
266180
267267
267290
267456
267967
268094
268509
273329
275617
276153
279825
281148
282053
282441
283196
283251
283971
286248
286967
287181
289417
291443
291668
291743
294515
294843
295181
295446
296056
296111
297795
299155
301460
303562
304867
306099
306777
307973
309286
310375
310618
310723
310741
314185
314991
316308
316828
317298
320174
320935
321172
323102
323140
323224
324136
325166
325539
326003
326659
327775
328325
330660
331289
331955
333544
333861
334531
334641
335451
336906
337337
338714
338721
341075
341226
341271
341820
341998
347270
347491
347504
350992
351702
351734
352444
353715
354470
355527
356160
356349
358981
359097
359298
359836
361496
362674
363826
364381
365050
366494
368843
369060
369133
369541
369639
371726
372274
372984
373560
376125
380397
382718
383032
383490
383545
384074
384107
385301
385338
385425
386333
386487
386698
386997
387163
388542
388694
390327
393347
393916
393976
394347
395086
395413
395463
395778
396653
398023
399723
399836
400088
401102
401898
402007
402061
403334
403414
405132
405264
406356
407873
408444
409991
411060
412894
413215
414088
417545
420475
420882
421325
422278
422942
424026
424358
425043
425643
426793
427945
428329
429126
429351
430367
431449
431914
433006
433083
434763
435152
436444
437764
439719
440362
442310
442371
442906
443606
445107
447281
447929
448440
448910
449186
450500
453291
453315
454128
456840
458165
458914
460456
461070
461238
462007
462182
464702
465593
468213
469369
469398
469816
470021
471737
472680
472687
473698
475905
478839
480720
480766
482111
482337
482367
482393
482499
485542
485949
487336
488737
489323
491986
493518
494332
495406
497324
498067
498093
498787
498844
499872
500826
502545
502559
503339
504591
505515
506860
509474
509704
510140
512836
513877
514149
515510
515629
516329
517808
517943
518159
519462
520642
520720
521042
521609
521731
521908
522314
522503
522582
524250
524799
525016
525305
525973
526245
529546
529897
530614
531484
531589
533577
535195
535293
537249
537761
538957
539406
540910
541153
542188
542421
543420
545637
546622
550861
551063
551255
551824
552055
552377
552435
554238
554706
554800
556068
556299
558014
560468
560565
560820
562495
564391
565181
565380
567420
568551
569421
574674
574774
575336
576396
577069
578527
579637
582036
583584
584515
584741
585352
586116
587163
589083
589303
592400
593821
594253
595095
595981
597871
600723
602918
604581
605377
606095
608437
608987
609512
610362
612394
613435
615035
615430
615547
615674
616705
616955
617112
618023
618029
618160
619296
620311
622541
622690
622785
623300
623429
624341
626359
628157
629047
630412
631510
632744
632832
634825
635033
636092
637518
637697
638703
638851
639353
641244
641486
642188
643550
647294
648641
649294
649338
651392
651516
653365
653905
654347
657028
657041
657151
657936
658432
658559
660125
661614
661992
664206
664536
664677
664906
667381
667545
667693
667932
668081
668774
669067
670957
671895
672030
673024
674345
674400
676255
676995
677239
677496
678640
678972
680588
681153
681896
683272
685738
686824
688655
690519
690736
691298
691617
695560
696118
696658
696832
700547
703239
703842
705964
706196
706722
707066
707661
707763
708813
709781
711265
715162
716232
716876
716931
717430
718655
719989
720159
721210
724480
724680
724736
727364
728490
728851
728922
729052
729335
729791
730292
732614
733745
736460
736735
737559
740517
740730
741285
744228
744449
744712
745174
745817
745920
747333
747888
748592
751402
752573
755596
756816
757592
758670
759310
759451
760287
760535
760542
761726
762424
762721
764598
765904
766035
766867
768540
769921
771719
773364
774554
775854
778305
778661
780255
781076
782071
782077
782637
783007
783474
784097
786586
786597
787216
789241
792725
793339
794297
795476
796106
797245
799103
799531
801232
801516
802101
804535
805568
807415
807899
808667
808917
810581
811771
812526
813300
816627
818854
820854
821396
821748
823929
825065
830582
831015
832003
832820
833184
833283
833661
835773
836152
837544
839581
839661
840276
844020
844546
844688
844827
846775
847424
848041
848243
850460
850658
851021
853224
854006
854545
856687
858638
858918
859183
859496
860110
860548
861167
863460
864617
865058
865699
865758
865889
866842
868786
869262
869293
869816
870123
870696
871728
871748
873427
873657
875111
875568
876649
877037
877747
878891
879261
879357
879736
879888
879964
882971
883820
885383
887185
888220
888484
888891
889984
890649
890983
891135
891545
891646
892112
892160
892450
892595
893742
895484
897112
899327
899427
900152
900915
902921
904322
907543
907661
908726
909301
909845
913636
914251
914356
914546
919277
919992
920061
920207
920923
922709
923347
923487
926525
926980
927569
928912
930598
931005
931923
932688
934604
938597
939312
941170
942721
943030
945885
946097
947852
950982
952218
952342
956793
956888
957549
958200
959041
962109
962558
962640
966252
966796
967001
967775
968939
970539
971965
972711
973167
975622
977325
977555
977755
980844
981339
981482
982903
984804
985566
986497
987284
988035
988608
990042
990546
990917
993172
993571
994930
995795
999083
999491
1001018
1001128
1002017
1002422
1003028
1003178
1004479
1004641
1004979
1007087
1007313
1008665
1008982
1009144
1009338
1009574
1010267
1011034
1011993
1014225
1015037
1016000
1016138
1016335
1018138
1021127
1022463
1023856
1023894
1024675
1024875
1028112
1029783
1030799
1032800
1033361
1033731
1035474
1036456
1036556
1036645
1036924
1038145
1038954
1039159
1040122
1040597
1040873
1041596
1042389
1042962
1043835
1044164
1045346
1045750
1045827
1046231
1047465
1047814
1050399
1051880
1052679
1053176
1053185
1053378
1054005
1055185
1056449
1057346
1058207
1058264
1058631
1058884
1058912
1058984
1059130
1059181
1061218
1064653
1066381
1066395
1068257
1070002
1070997
1071098
1071258
1071534
1071639
1071929
1072328
1072709
1072909
1073413
1074047
1074210
1075374
1077402
1079882
1080565
1082752
1082987
1084426
1089231
1090761
1091083
1091476
1091659
1092388
1092496
1092508
1093039
1094343
1094370
1094714
1096172
1096466
1096674
1099486
1100324
1102369
1102594
1104096
1104780
1106137
1106898
1108077
1109386
1111846
1113171
1113518
1115728
1117807
1117923
1120382
1121279
1122456
1122844
1122881
1123613
1124240
1125793
1125810
1125881
1129128
1130214
1132365
1133539
1134788
1135005
1135545
1140284
1143660
1145587
1146523
1149169
1153311
1154108
1156750
1158003
1158577
1158896
1160029
1160314
1160342
1163745
1164017
1164719
1166537
1167805
1168251
1169222
1170474
1173106
1174347
1176728
1177045
1177916
1179882
1179998
1181048
1181307
1181959
1183294
1183956
1185325
1185840
1185900
1187805
1187866
1188686
1189328
1189593
1191181
1196433
1196783
1197373
1197929
1198330
1199130
1199691
1200101
1201296
1202667
1202728
1203228
1204343
1204369
1204597
1204822
1205624
1206377
1207843
1207897
1208006
1210317
1213496
1214030
1219830
1219880
1219925
1220088
1220804
1221285
1222606
1222815
1223068
1223544
1225784
1225938
1226442
1227001
1228706
1228909
1229118
1229138
1231417
1232498
1233501
1233596
1233796
1234067
1234327
1234399
1234657
1235189
1235272
1236574
1237832
1238391
1240044
1240126
1241747
1243201
1244108
1245894
1247858
1248505
1250564
1253032
1254091
1255001
1256171
1256911
1257271
1257909
1258598
1258951
1259061
1259344
1261239
1261420
1263300
1264387
1265339
1265990
1266977
1267753
1269544
1269895
1273624
1273719
1275979
1276701
1277320
1280377
1281368
1282956
1283338
1286653
1287549
1289385
1289751
1290367
1292432
1294362
1294818
1297353
1297699
1298124
1298255
1299020
1299681
1303603
1303771
1304513
1304864
1305865
1306233
1306323
1306626
1308235
1308637
1311146
1312516
1313350
1315025
1316282
1317777
1318236
1318892
1319735
1320692
1320729
1321960
1323968
1325898
1326210
1330451
1330766
1331402
1332909
1333418
1335396
1336990
1337660
1337891
1339427
1339912
1341965
1342498
1342842
1343754
1344639
1345783
1346385
1346477
1347441
1347785
1350757
1351408
1352009
1352590
1352823
1354026
1354874
1355515
1357448
1358591
1359554
1360352
1361118
1361131
1361351
1361656
1363894
1364321
1364650
1365014
1366352
1366472
1366634
1368046
1369602
1370061
1370518
1370742
1370914
1374385
1374592
1375142
1378385
1379034
1379035
1380015
1381184
1381343
1381762
1382143
1384645
1385246
1386440
1386469
1387361
1387674
1387708
1389113
1391213
1391852
1393966
1395125
1395302
1395639
1397573
1397780
1398623
1398827
1399017
1399907
1400461
1400504
1401536
1404518
1408519
1408774
1409327
1410679
1412941
1413562
1413896
1414537
1415452
1416757
1418504
1419432
1419644
1420420
1420868
1421951
1422571
1423927
1424918
1426223
1426848
1426937
1428220
1430241
1432390
1433076
1435481
1435979
1436803
1436859
1441004
1441902
1445615
1446156
1446613
1446920
1446986
1448476
1449307
1450208
1450585
1450651
1452005
1452333
1452761
1453591
1457354
1459881
1460964
1461031
1461064
1462650
1467451
1469904
1471112
1472359
1472398
1472588
1473356
1473596
1473978
1474062
1477038
1477608
1477769
1479059
1480109
1482951
1482968
1483482
1484862
1485348
1485430
1486051
1487091
1488805
1489668
1491042
1492253
1492274
1493963
1497899
1498921
1499614
1500785
1503581
1507906
1508505
1508571
1509319
1509946
1511208
1513182
1513325
1514786
1515000
1516238
1516494
1517407
1521604
1521651
1523760
1524564
1525659
1525981
1526889
1527989
1531179
1533197
1534638
1535014
1535077
1535636
1536387
1537304
1538862
1540320
1540963
1544124
1545402
1546024
1547539
1547793
1548485
1550487
1551130
1551490
1551969
1552628
1553516
1553543
1554585
1554870
1560940
1560960
1561063
1564352
1564386
1564768
1565240
1565397
1566273
1566743
1567525
1569530
1571311
1572213
1572235
1574765
1577603
1577984
1578627
1578862
1579764
1581607
1582652
1583008
1584043
1584499
1585335
1587930
1588398
1589033
1590413
1591547
1593754
1595883
1595999
1597403
1597419
1597786
1599296
1599751
1600435
1601498
1601887
1603986
1606337
1606822
1606969
1607504
1607774
1608903
1609152
1610255
1610493
1610780
1612779
1614315
1614588
1614753
1614828
1617386
1620887
1621291
1622577
1622796
1623019
1623748
1626855
1628969
1630039
1631327
1632491
1632696
1633235
1633866
1634123
1635722
1635831
1636380
1636795
1637148
1637721
1639149
1639694
1640935
1641741
1643066
1643524
1644658
1646766
1648435
1648562
1648704
1649407
1650299
1650790
1650810
1650859
1650983
1651056
1652245
1652526
1655032
1656920
1659028
1659245
1661290
1661852
1663344
1664568
1665044
1667443
1667600
1667806
1670936
1671501
1671536
1674997
1675080
1675210
1676298
1676560
1679532
1680897
1681728
1682284
1683676
1683992
1684811
1685220
1686919
1686969
1688243
1688289
1690373
1690845
1691643
1692147
1692714
1693102
1693566
1693611
1695617
1696652
1697536
1697992
1698516
1698753
1698794
1699477
1701348
1703745
1704857
1706039
1708108
1708186
1708635
1709972
1711454
1711627
1712263
1714698
1715088
1717843
1720727
1721179
1721585
1721603
1721842
1721960
1722162
1723651
1723907
1724419
1724828
1726202
1727604
1727953
1728372
1728655
1729507
1729988
1730046
1730172
1733433
1735660
1736522
1736900
1737093
1737284
1738604
1739452
1739869
1741694
1743878
1744674
1746009
1746906
1750875
1750900
1752679
1752738
1755202
1755839
1755974
1757613
1758008
1760556
1760873
1761589
1761892
1762600
1763074
1763582
1764881
1765000
1765952
1767746
1768527
1770076
1770177
1771009
1771818
1774093
1774382
1774471
1774775
1775025
1775781
1776951
1777628
1777723
1778007
1779239
1780248
1780694
1780782
1781867
1782512
1783401
1785656
1786040
1786393
1786809
1787274
1787965
1788466
1789595
1791285
1791974
1792800
1795811
1797995
1799707
1800999
1801238
1801773
1802412
1803365
1803395
1805426
1805524
1807990
1808625
1808857
1811054
1812265
1813177
1815390
1819405
1821045
1821143
1822660
1823782
1823846
1824293
1825500
1827196
1827714
1827738
1831111
1831290
1834421
1834664
1834977
1835248
1835699
1836834
1837240
1839899
1842525
1843066
1844018
1844021
1844093
1844478
1845131
1848118
1850999
1851633
1853153
1853932
1854155
1854870
1857188
1857193
1857861
1859422
1859450
1861594
1865240
1867090
1870145
1870291
1871760
1871910
1872283
1872792
1874068
1874765
1876823
1876883
1879764
1882542
1882728
1885197
1885542
1886358
1886667
1890672
1890799
1891731
1892186
1892451
1892580
1893037
1895124
1895435
1897154
1898022
1899433
1901006
1901844
1903233
1903929
1905077
1909214
1911118
1912233
1912751
1916425
1916631
1917934
1918264
1920748
1922070
1926637
1926885
1928089
1928848
1929218
1929649
1929961
1931789
1931957
1933765
1934002
1935137
1936217
1936957
1937208
1937563
1938570
1939155
1939263
1943791
1948237
1952425
1952721
1956021
1956206
1959292
1960980
1961248
1961692
1962347
1963276
1966299
1967773
1968167
1970640
1970820
1971272
1971310
1971724
1971873
1972376
1974913
1975216
1977255
1978914
1979312
1979317
1979666
1980095
1982084
1983654
1984759
1985785
1988575
1988944
1990373
1990630
1990779
1990860
1993221
1993512
1993846
1994184
1995800
1996303
1996761
1997337
1997390
2000889
2001043
2001714
2002430
2002716
2003941
2004938
2004986
2006767
2007968
2008722
2009252
2012082
2012836
2013334
2013603
2014450
2015120
2015597
2018147
2019086
2019167
2019385
2019901
2021371
2023142
2023447
2024160
2027891
2028656
2029408
2029672
2030080
2030627
2031171
2033190
2033702
2033920
2035124
2035447
2036954
2037029
2037124
2041213
2041608
2042561
2042843
2043421
2044296
2044714
2047720
2048674
2050259
2050305
2052636
2053939
2054985
2055923
2056247
2056581
2060519
2061045
2062215
2063077
2063225
2064560
2065430
2065524
2068381
2070041
2070159
2070508
2072810
2076983
2077029
2077204
2077306
2083584
2084053
2085234
2085784
2085956
2086379
2086418
2087921
2087961
2088208
2089165
2091751
2091768
2093011
2093704
2095466
2096016
2096098
2096440
2096739
2097792
2098280
2098907
2099637
2100312
2101050
2101979
2103472
2103528
2103826
2103839
2106076
2106180
2106583
2108162
2108751
2111409
2111759
2111816
2112210
2113916
2114019
2114403
2115921
2116012
2116489
2117983
2120350
2120680
2120907
2122749
2125777
2127970
2129114
2129425
2129984
2130411
2130422
2131312
2134320
2135358
2135401
2135478
2136099
2138497
2139802
2140237
2140287
2141640
2141833
2143352
2143538
2143660
2145368
2146680
2146691
2146804
2147500
2148296
2149494
2150869
2152171
2152313
2152777
2154613
2155339
2157299
2157487
2158675
2160096
2164382
2166407
2167118
2168293
2169027
2169414
2169833
2170332
2171384
2171498
2171741
2172334
2173108
2176936
2177101
2180845
2182187
2182333
2183122
2183555
2183812
2184658
2187527
2193295
2193621
2194990
2195062
2197296
2197537
2198128
2199593
2199623
2199936
2200706
2200883
2201785
2204498
2205338
2205417
2208627
2209550
2209618
2210111
2210563
2211752
2211755
2213712
2214128
2215574
2218957
2219091
2219592
2221482
2225503
2227438
2228006
2228392
2228602
2228807
2229558
2230139
2230838
2231916
2233119
2233142
2240141
2241498
2241665
2242271
2242948
2244229
2247040
2249830
2252826
2253917
2254061
2254130
2254604
2254881
2255486
2255922
2256337
2256440
2257196
2257436
2258568
2260263
2260314
2260723
2261224
2262302
2263443
2263905
2264144
2264256
2264909
2266061
2270242
2270831
2270952
2271292
2271873
2272129
2274148
2274199
2274623
2277016
2277043
2277642
2278391
2279019
2279388
2280028
2280610
2281046
2281381
2285760
2287679
2287972
2289627
2290060
2290497
2290816
2291859
2292689
2293337
2293405
2294568
2295393
2296618
2297598
2297776
2297815
2298240
2299612
2299908
2300990
2301681
2302545
2303745
2305152
2306263
2306729
2307435
2313335
2314194
2316485
2317198
2319634
2321295
2322298
2322407
2322960
2323062
2324216
2324237
2325060
2326527
2326651
2330730
2332775
2333174
2333343
2334143
2335116
2336274
2336576
2336950
2337658
2343967
2344628
2345221
2345423
2345502
2346165
2347326
2347414
2349029
2349991
2350597
2350737
2352243
2352794
2354015
2355380
2355978
2356112
2359340
2360697
2361990
2361995
2362453
2363381
2364071
2364778
2364912
2365826
2366601
2370452
2371416
2371567
2372103
2372153
2373122
2374288
2374574
2374928
2375277
2376442
2376612
2376839
2377234
2377743
2378398
2379698
2380922
2381521
2381936
2383574
2386077
2387357
2387467
2388985
2391109
2391292
2392942
2395140
2397373
2397533
2397692
2399937
2401194
2401358
2402359
2403632
2404163
2404607
2404650
2405080
2405927
2406351
2406712
2406997
2407712
2408370
2408636
2409585
2409823
2409949
2410636
2412756
2412971
2416252
2416404
2416703
2417342
2419096
2419497
2419683
2420397
2420592
2420652
2421398
2421612
2422077
2422189
2423881
2426155
2426828
2427234
2427980
2428134
2428152
2428764
2429713
2430031
2432011
2432031
2432709
2433626
2433749
2434196
2435722
2436185
2436312
2436777
2437397
2437475
2437535
2437762
2438244
2438301
2440194
2441125
2441339
2442965
2443273
2444456
2445738
2445914
2446344
2448804
2449739
2451982
2452135
2456051
2456237
2457693
2458696
2460215
2460861
2462177
2462438
2464647
2465100
2465270
2466139
2466176
2467193
2467775
2468424
2469497
2470140
2470913
2474376
2474422
2476595
2477473
2477805
2478283
2478751
2479537
2479892
2480056
2480679
2484762
2484785
2486353
2487944
2488181
2488318
2490347
2491169
2491276
2491626
2491844
2492494
2493339
2494004
2494431
2494965
2496709
2498033
2500133
2501927
2502299
2502857
2503446
2503490
2505894
2506102
2506506
2506575
2510471
2511611
2511756
2513228
2513740
2513898
2514150
2514262
2515264
2515816
2516184
2516191
2517554
2519213
2520594
2520608
2524823
2527823
2528443
2529117
2529120
2529732
2531931
2532197
2532261
2532474
2533804
2533949
2535923
2536014
2536224
2537008
2537159
2537197
2538512
2538746
2540221
2542199
2544540
2545659
2546631
2546732
2547059
2548953
2549592
2550501
2552310
2552773
2554425
2554662
2554977
2555160
2555911
2557153
2557366
2558901
2560106
2560537
2561220
2561836
2561922
2562263
2562309
2564284
2564449
2564898
2564955
2565605
2567310
2567661
2567787
2567884
2569846
2570349
2570370
2571295
2571583
2572492
2574443
2576224
2576403
2577458
2579136
2579718
2579939
2580942
2582898
2583317
2583941
2584110
2584176
2584430
2585081
2587428
2587571
2591231
2591513
2592507
2594346
2594628
2595333
2598457
2599662
2601336
2603473
2603849
2604420
2604621
2605341
2606912
2607934
2610007
2610678
2611056
2613212
2613437
2615326
2617000
2617514
2619983
2622023
2623272
2624390
2624963
2625406
2626929
2627243
2627915
2627973
2628944
2630082
2630580
2631721
2633270
2634306
2634413
2635258
2635660
2635992
2636135
2636174
2638449
2639961
2640153
2640450
2641652
2642119
2642750
2643818
2644055
2644107
2644984
2645496
2645967
2648058
2648126
2648406
2648911
2650751
2650859
2651084
2651315
2651944
2652212
2656811
2656938
2658346
2658499
2661894
2662313
2663686
2664281
2665121
2665242
2665601
2665863
2666977
2667517
2667779
2667962
2669695
2669784
2670332
2670585
2671021
2672902
2674094
2677274
2677336
2677732
2679677
2680720
2683413
2684035
2684362
2684556
2684715
2685172
2688097
2689086
2689971
2690328
2690647
2691822
2693358
2693588
2694135
2695992
2696868
2697634
2698192
2700998
2701562
2703915
2704171
2704243
2705327
2706974
2707086
2707105
2708380
2710707
2711691
2711913
2712630
2713229
2713233
2715262
2717609
2719338
2719549
2720232
2720794
2721171
2721197
2722975
2723242
2723487
2726302
2727137
2727280
2727855
2732055
2732258
2733791
2733808
2734492
2735336
2735366
2735431
2735968
2736715
2737743
2739239
2739466
2740383
2740684
2740840
2741219
2742144
2742492
2743176
2744020
2744841
2745705
2746169
2747249
2747696
2747701
2748701
2749913
2752944
2754043
2754258
2757427
2757942
2758300
2758523
2758764
2758888
2759993
2760339
2760552
2762650
2763835
2764024
2764502
2765229
2765621
2768504
2768543
2768857
2769407
2773232
2774059
2774334
2775439
2775857
2776941
2778340
2778669
2778720
2779562
2779610
2780209
2781374
2783349
2784793
2788200
2788527
2789184
2789306
2790026
2790344
2791913
2793626
2795096
2797037
2797558
2798145
2800366
2802750
2804160
2804948
2805629
2807272
2807775
2808075
2808409
2808745
2808972
2809138
2809994
2813900
2814648
2815347
2817004
2818928
2819733
2820125
2820223
2821521
2822177
2822679
2825000
2825267
2825585
2828526
2828918
2830064
2831806
2833669
2834266
2834402
2836965
2837002
2839745
2842379
2843265
2843868
2845032
2846385
2846463
2849619
2849832
2852784
2853261
2853286
2853762
2855154
2859535
2859560
2859568
2859760
2859885
2861081
2861549
2861822
2861935
2862214
2862468
2863217
2863798
2865142
2866718
2870848
2872065
2873107
2873471
2873534
2873836
2874749
2877363
2878037
2878342
2878990
2879029
2879582
2882047
2883520
2885028
2885763
2886003
2886910
2888111
2888618
2890253
2891024
2891101
2891353
2891951
2892391
2894624
2895376
2895498
2898835
2899957
2900807
2900841
2900977
2902503
2903164
2903205
2905700
2905852
2908195
2908867
2909569
2910038
2911486
2915109
2916795
2919595
2920137
2921381
2922395
2923222
2926786
2927925
2929048
2929751
2930204
2930907
2931260
2931457
2931668
2933285
2933922
2934184
2934354
2935342
2935827
2936097
2936468
2936802
2937150
2937675
2939630
2940464
2940742
2942837
2943861
2944096
2944865
2945225
2945379
2945480
2945830
2948411
2948430
2949175
2949963
2950889
2951594
2951617
2953844
2954850
2955567
2956463
2957298
2957614
2958423
2959845
2961402
2962184
2962539
2962612
2964812
2965459
2965786
2965816
2966013
2966153
2968365
2971717
2972309
2972590
2972962
2973130
2973738
2975104
2975271
2975445
2975534
2975657
2976227
2976644
2976645
2977070
2978613
2980002
2981504
2983040
2983531
2983795
2984201
2986193
2987922
2988694
2988938
2989455
2993139
2994287
2994450
2998234
2999359
3000986
3001041
3001108
3001940
3004261
3007858
3008187
3008908
3009762
3010217
3011113
3011849
3012182
3012621
3013127
3014211
3015506
3015535
3015605
3016043
3018365
3019141
3019205
3019808
3019898
3020446
3023834
3024650
3027566
3027656
3028749
3029296
3029389
3029598
3031034
3033198
3039064
3040453
3040886
3042610
3045032
3045796
3046081
3047809
3048130
3052848
3052949
3055170
3055574
3058750
3062096
3062710
3064016
3064110
3064285
3065620
3065805
3067736
3069730
3071059
3072552
3072597
3073352
3075680
3076622
3076700
3082911
3083379
3084135
3085930
3085964
3088823
3089710
3089743
3090511
3090939
3093030
3093411
3095265
3095378
3095708
3097905
3100119
3100424
3100785
3101683
3101690
3101900
3104100
3104330
3104591
3104738
3105143
3105467
3108844
3112268
3112325
3113462
3113709
3115476
3116299
3116409
3116440
3117952
3118526
3118799
3120704
3121488
3122028
3122267
3122999
3123706
3123812
3124203
3124437
3124988
3126021
3126606
3127874
3129354
3129520
3130940
3131056
3131328
3132333
3133439
3134481
3134778
3135425
3136275
3137476
3139186
3140699
3141311
3142056
3143392
3143790
3144216
3144312
3147537
3147805
3148890
3148924
3149601
3150022
3150047
3150284
3151279
3151527
3152580
3153122
3153997
3154296
3156434
3156939
3157154
3158254
3158284
3159519
3159952
3161204
3161812
3161897
3161960
3165080
3165348
3165690
3166249
3168585
3169750
3169802
3170373
3171228
3171311
3172211
3172314
3172989
3173969
3174414
3174949
3176250
3176293
3176591
3177225
3177468
3177995
3178699
3179055
3179228
3179858
3180770
3182012
3182375
3182670
3182861
3187944
3189773
3191173
3191743
3191881
3192199
3192863
3194371
3195140
3196609
3197795
3198715
3199048
3202006
3202175
3202849
3205283
3207018
3209184
3211723
3214350
3215104
3215138
3217353
3217949
3220012
3221552
3222245
3222749
3225016
3225977
3226488
3227165
3227253
3228397
3228672
3229981
3230359
3231801
3234813
3234903
3235190
3235768
3236124
3236375
3236675
3236891
3237173
3237417
3238225
3238698
3239345
3241960
3242905
3243582
3243874
3244363
3246069
3249066
3249300
3249521
3252479
3252490
3253646
3254649
3255854
3259996
3263380
3265594
3265670
3267259
3268032
3268866
3271506
3272231
3273634
3273700
3276351
3276937
3279350
3280041
3280527
3281332
3282614
3283526
3285923
3285986
3286512
3287038
3290687
3290787
3291748
3292112
3292617
3294391
3295837
3296139
3297901
3301268
3302559
3302906
3304487
3304644
3305038
3306755
3308595
3308696
3309232
3309866
3310075
3311139
3313901
3314266
3314647
3314993
3317080
3317409
3318670
3319464
3319766
3322714
3324305
3324654
3325756
3326816
3327525
3327880
3328351
3331864
3333089
3333141
3333632
3335370
3336905
3337307
3338099
3339522
3340807
3341324
3341753
3342205
3342304
3343070
3343093
3348345
3349226
3349379
3349845
3353484
3354037
3355116
3357156
3359196
3359695
3360770
3361657
3362326
3362537
3363516
3363945
3364364
3365773
3366092
3366275
3368367
3369361
3369364
3369629
3369646
3369843
3370135
3371272
3371776
3371950
3373346
3373522
3374524
3375565
3375906
3379407
3381055
3381688
3381819
3384192
3384712
3384742
3385039
3385653
3388712
3390127
3390128
3391276
3392481
3392986
3394777
3395097
3395231
3396258
3396954
3399344
3399977
3400141
3400222
3400878
3403264
3403806
3407356
3407369
3408224
3408505
3409338
3411247
3413724
3414738
3415054
3415149
3415500
3415515
3416278
3416473
3416598
3416933
3417643
3421139
3421530
3423895
3424418
3425018
3425192
3426341
3428222
3428663
3432091
3432662
3432875
3433451
3436732
3437202
3437811
3438335
3440211
3440538
3442662
3443738
3444482
3444493
3447217
3448288
3448310
3449428
3449825
3451873
3452211
3453103
3453546
3454512
3455540
3456308
3459201
3459292
3459926
3460455
3461184
3461797
3462329
3462454
3463613
3464005
3464889
3465657
3467913
3471148
3471773
3472658
3472708
3473343
3473591
3474107
3474234
3475065
3475719
3476864
3479109
3479297
3479312
3479849
3480478
3481520
3484119
3485716
3487474
3487611
3488127
3488785
3488931
3489178
3489575
3490252
3491839
3492021
3492145
3492313
3492562
3493342
3494941
3495246
3495483
3495681
3496893
3499038
3499440
3500764
3501465
3502959
3503463
3505481
3505595
3505602
3506153
3506159
3506311
3508461
3509053
3511983
3512687
3512763
3512772
3512979
3514888
3517822
3519128
3519202
3519605
3519852
3523442
3523627
3524250
3524610
3524691
3525757
3527599
3528785
3529649
3530618
3530698
3532365
3534371
3534697
3534898
3535496
3537468
3537476
3537766
3537943
3538955
3542123
3542567
3543099
3546194
3548027
3548064
3549203
3549699
3550017
3550764
3550945
3551899
3551928
3552372
3552781
3552893
3552939
3553060
3554283
3555227
3555352
3556499
3556955
3558455
3561532
3563137
3564400
3564439
3565065
3565192
3565654
3568575
3569506
3570163
3570422
3571498
3573445
3574064
3575810
3576522
3578061
3578542
3578999
3579024
3581998
3582204
3584305
3586129
3586506
3587099
3587277
3587350
3587477
3588269
3590112
3592259
3593002
3593169
3594554
3594753
3595783
3597459
3597642
3598316
3598893
3598930
3598950
3600361
3601935
3602240
3603088
3603952
3606041
3606132
3607861
3610505
3610523
3610546
3613319
3613737
3616436
3620783
3621534
3622730
3623431
3624182
3624713
3624806
3626519
3626572
3627730
3628484
3629314
3629364
3635004
3636611
3638919
3639344
3640497
3640629
3640869
3641197
3641331
3641780
3641878
3642100
3642726
3642861
3643905
3646078
3646603
3647177
3647943
3648439
3650585
3651180
3651214
3651658
3654448
3655646
3656222
3656466
3657323
3657392
3658716
3659153
3660252
3661643
3662731
3667977
3670309
3671527
3673948
3674030
3674038
3674983
3676046
3678730
3680184
3680335
3683821
3685048
3686972
3691391
3692086
3694297
3694473
3695482
3698386
3698925
3701083
3701786
3703932
3704679
3704939
3705074
3708567
3711688
3712055
3712718
3712870
3714961
3715334
3715533
3716639
3716951
3717498
3718641
3720374
3722698
3722782
3723547
3724552
3728133
3729820
3731427
3732440
3736246
3737473
3738584
3738910
3739094
3739346
3740134
3741771
3743510
3744946
3745752
3745770
3747377
3749770
3754633
3755543
3756736
3756787
3757303
3758029
3760002
3760254
3760302
3761562
3761679
3761749
3761901
3762768
3763066
3764461
3764891
3765561
3767546
3768308
3768381
3770618
3771064
3771387
3772668
3774644
3774968
3776839
3777558
3779834
3783929
3784561
3785511
3785894
3789510
3790775
3791865
3792262
3794628
3794953
3795946
3800331
3800411
3800853
3801432
3803065
3804183
3804892
3805619
3806132
3808486
3809633
3810382
3810573
3812253
3813737
3814449
3814826
3815668
3816941
3819542
3820154
3821649
3822012
3822182
3822371
3822588
3822609
3822671
3822716
3825559
3825776
3826430
3827937
3828403
3828435
3830218
3832642
3833281
3833619
3833892
3834018
3835709
3835970
3836043
3837486
3837831
3839849
3840079
3840143
3841559
3841906
3843970
3844116
3844385
3844410
3844755
3845274
3845991
3846441
3847022
3848676
3849521
3849566
3849632
3851699
3852539
3852689
3857539
3857562
3857660
3859880
3860189
3860208
3860696
3861113
3861132
3861257
3861508
3868501
3869384
3872366
3873650
3874508
3876186
3876563
3877262
3877285
3877596
3877950
3878664
3879326
3879564
3879890
3883092
3883817
3884226
3884755
3886741
3887113
3889418
3890720
3891810
3892656
3892853
3893079
3894842
3896373
3896821
3896978
3902516
3908161
3908949
3909678
3912551
3912715
3915216
3915244
3918097
3920173
3921064
3921191
3921205
3921645
3923519
3928122
3929668
3932823
3933364
3933610
3934453
3935902
3939698
3939906
3940536
3942425
3944655
3944880
3947105
3947287
3947771
3948393
3948814
3949427
3950377
3950923
3951316
3952981
3954665
3955127
3955833
3956183
3958965
3959293
3959946
3960508
3961374
3961382
3961886
3962745
3964699
3966711
3967445
3970144
3972602
3976795
3976960
3977988
3980194
3981529
3981580
3983100
3983920
3984503
3984835
3986922
3988435
3989757
3989994
3990205
3992680
3993217
3993385
3993628
3994576
3994616
3994991
3995568
3995657
3998983
3999546
3999673
4000278
4001926
4002720
4004401
4005051
4006276
4007802
4008040
4008046
4008462
4008477
4008914
4012477
4012802
4013482
4014173
4014522
4016594
4017547
4019115
4019296
4019752
4020633
4021011
4021881
4022032
4023013
4026786
4028177
4028798
4028833
4029686
4029778
4030699
4035315
4036240
4036710
4039109
4039554
4041571
4041577
4042248
4047361
4047417
4047816
4048614
4048764
4050443
4050897
4051197
4051583
4052200
4052702
4053554
4055534
4055602
4057827
4062393
4062815
4062922
4064786
4065439
4065694
4066254
4066734
4067277
4068189
4068598
4068907
4069531
4069578
4069870
4071684
4072527
4072546
4072749
4073230
4073893
4075868
4080797
4080841
4081142
4081991
4082609
4084758
4085448
4086586
4087138
4090877
4091820
4091832
4093387
4095671
4097085
4097809
4098492
4098500
4098508
4099375
4101038
4102106
4102829
4103176
4103314
4105346
4105670
4106983
4107054
4107094
4107249
4107385
4108937
4109016
4109978
4111032
4111163
4112024
4113025
4113145
4113399
4115038
4115439
4117550
4118645
4119905
4120806
4121212
4122029
4122544
4123279
4123554
4125338
4126532
4129688
4136307
4137257
4137559
4137661
4138727
4139594
4140196
4141628
4142749
4143150
4145025
4145213
4146510
4147207
4147628
4150153
4150376
4151424
4151855
4152181
4153008
4153456
4154609
4155613
4155754
4155775
4156431
4156466
4157675
4158218
4158536
4159665
4159724
4162457
4162634
4162883
4163274
4163458
4165995
4167200
4168336
4171719
4172392
4172944
4173149
4174237
4175388
4177014
4177395
4177830
4178172
4178193
4178238
4179286
4179810
4180689
4180881
4181705
4185337
4185858
4186302
4186934
4187791
4189431
4189679
4189974
4190845
4193012
4193956
4195090
4195504
4195904
4198002
4198859
4201275
4204651
4205025
4206500
4208041
4208324
4210308
4210421
4211006
4211459
4213322
4214645
4215274
4215828
4216495
4217572
4219279
4219657
4220284
4220406
4220412
4221008
4224392
4224868
4225362
4225944
4230788
4231249
4231405
4233022
4233631
4233966
4234063
4235242
4235381
4236338
4236905
4237473
4237573
4237920
4243622
4245201
4252541
4252874
4254977
4255010
4255323
4255840
4256006
4256637
4256729
4257060
4260438
4260843
4262830
4263586
4263636
4266444
4267100
4267465
4267685
4267923
4269287
4273723
4274535
4276154
4277644
4278387
4281464
4282065
4283401
4283690
4284400
4284407
4284974
4285047
4285758
4286138
4286466
4287279
4288901
4289814
4290031
4292145
4292808
4295223
4295484
4297355
4297599
4297918
4298578
4299093
4299544
4300140
4300580
4303353
4303713
4303935
4304165
4304224
4304506
4304616
4306710
4308930
4309392
4312556
4313506
4314963
4315765
4316903
4317588
4319742
4320275
4320527
4320644
4321941
4323224
4324631
4325687
4325899
4326455
4327809
4327895
4328520
4329081
4331862
4332188
4333067
4333212
4333950
4333955
4334393
4335403
4336015
4336831
4337177
4337809
4337910
4338236
4338338
4338362
4338715
4339261
4339628
4340190
4340652
4342376
4344298
4344571
4344844
4347327
4348072
4350442
4350815
4351017
4352659
4354873
4355183
4356182
4356849
4357041
4357466
4357629
4358058
4359622
4362095
4362278
4363640
4364207
4364614
4365986
4366047
4366366
4367077
4367472
4367935
4368451
4368907
4369896
4369946
4370643
4371823
4373426
4374426
4375434
4376853
4377914
4379098
4379847
4379980
4380147
4380872
4381256
4381957
4382877
4383133
4383943
4384463
4384852
4385278
4385839
4386071
4388887
4393007
4393041
4393074
4393399
4393416
4395007
4395686
4395751
4396616
4397173
4398502
4399595
4399711
4400344
4401992
4404556
4404607
4405401
4405850
4407806
4411479
4412656
4413968
4414430
4414804
4415644
4416383
4417712
4419329
4419691
4420363
4421142
4421150
4422506
4423459
4423484
4426158
4426166
4426909
4431136
4433253
4434520
4438499
4440175
4440269
4442895
4443787
4444400
4444988
4445898
4447110
4448084
4448555
4450286
4450404
4451122
4451190
4451238
4451656
4452114
4452790
4454367
4454836
4455489
4457364
4457638
4457947
4458659
4462077
4465220
4466811
4467434
4467584
4467925
4469501
4469511
4470408
4471041
4471500
4471942
4472388
4473634
4475468
4476354
4478518
4478527
4480661
4482062
4483897
4483987
4484660
4485204
4485522
4486960
4490865
4491430
4491622
4493325
4495324
4495680
4496671
4497452
4497732
4499382
4499931
4500828
4501059
4503909
4504294
4505980
4506202
4507034
4508636
4508960
4510355
4510850
4510998
4511201
4515140
4515469
4515837
4515996
4516130
4516178
4517635
4518431
4522223
4522683
4524693
4525440
4525555
4528611
4532037
4532276
4532427
4533000
4533390
4534273
4535003
4536765
4536940
4537175
4537209
4537527
4537844
4538683
4539843
4540698
4540852
4540944
4540999
4541467
4541951
4542233
4542344
4543107
4544657
4545901
4546499
4547312
4548019
4549941
4550989
4556300
4556904
4557749
4558138
4559951
4560297
4562148
4562430
4565996
4569344
4569960
4571049
4571255
4571448
4572312
4573190
4573285
4574535
4574913
4575298
4576023
4576330
4577621
4578386
4580323
4581280
4582078
4582410
4583598
4583918
4585030
4585468
4585533
4591217
4592851
4593252
4593261
4594800
4594906
4596372
4596380
4597025
4597642
4598102
4599386
4599450
4600814
4601854
4602974
4603096
4603143
4605324
4605938
4606400
4607081
4607085
4608218
4609552
4611989
4612938
4613256
4614570
4616305
4617757
4617776
4618022
4619134
4620248
4621268
4623370
4623502
4623526
4624053
4624553
4625176
4625538
4629016
4634228
4634346
4634992
4635322
4635997
4636778
4637863
4638001
4638820
4638903
4639671
4640246
4641848
4642214
4642645
4644028
4644336
4644909
4648257
4649717
4650989
4651173
4651926
4652003
4652088
4652382
4652726
4653999
4656151
4656701
4657623
4658046
4659915
4660928
4661607
4663557
4665894
4666204
4667624
4667666
4667886
4670594
4671164
4671447
4671555
4672753
4674692
4675074
4675934
4676486
4676562
4677068
4677529
4679549
4680101
4680245
4681255
4681257
4681752
4683183
4683951
4684492
4684757
4684876
4685303
4686216
4686625
4687061
4687603
4687801
4689617
4690846
4692471
4693188
4693286
4693410
4693862
4694826
4695394
4695865
4696238
4697101
4699079
4701055
4702976
4703834
4705673
4707073
4707170
4708000
4708189
4708539
4711997
4712785
4714539
4715378
4715705
4716637
4717018
4717599
4718178
4718321
4718416
4719499
4720413
4720764
4721513
4722658
4723623
4724248
4724516
4726822
4729895
4729959
4730105
4730156
4732425
4732616
4736530
4737376
4737866
4738651
4740685
4742807
4743808
4744235
4745366
4746725
4747333
4747510
4747676
4747839
4747911
4749993
4750007
4750295
4751203
4753421
4754606
4756962
4757510
4758090
4758239
4759116
4759708
4762208
4762986
4764675
4765058
4765578
4766729
4767107
4767670
4768415
4768556
4769240
4769700
4769764
4773109
4773327
4773418
4773437
4773673
4776030
4776062
4778001
4778728
4779148
4780031
4780507
4782251
4784404
4784905
4785108
4785728
4785952
4786927
4787037
4787347
4787686
4787759
4788441
4789979
4790160
4791507
4794293
4794370
4796458
4798349
4798513
4799859
4800591
4801332
4802815
4804442
4804838
4806217
4807313
4807683
4808256
4811507
4813587
4814402
4814451
4815871
4816933
4817751
4819028
4820263
4821733
4821781
4823845
4824354
4824633
4825898
4826806
4827369
4827999
4828150
4828782
4829316
4829489
4830473
4831485
4831805
4834063
4835172
4836646
4837591
4837606
4838866
4842696
4842750
4844619
4846767
4851659
4852539
4853159
4854120
4854528
4855365
4855423
4855851
4856145
4857523
4858540
4860509
4861455
4862721
4864590
4865579
4866276
4866386
4867327
4868531
4869639
4870326
4872246
4872466
4875838
4876064
4879246
4880078
4880432
4880695
4883142
4889365
4889818
4890210
4895425
4895574
4895699
4896654
4896710
4897615
4897677
4897736
4898244
4898255
4902658
4905485
4907832
4910503
4913065
4913433
4916030
4916614
4916633
4917444
4919311
4921082
4922330
4922804
4923794
4924288
4925893
4927903
4928809
4929123
4930757
4930766
4931439
4931487
4931863
4932261
4932478
4932637
4934321
4935338
4936081
4936612
4937708
4939215
4940056
4940084
4941090
4943505
4945482
4945995
4946308
4947491
4948283
4949134
4950303
4952191
4953436
4953605
4954533
4955836
4956078
4956158
4957470
4957682
4959145
4961652
4962253
4963323
4968416
4972194
4972893
4973383
4973583
4974150
4975415
4975549
4977679
4977719
4978133
4979831
4980071
4981654
4982167
4982948
4983228
4986233
4986364
4986375
4987679
4987756
4988664
4989940
4990972
4991666
4992798
4993208
4995206
4995448
4996837
4997304
4998390
4998496
5000956
5001480
5004761
5005116
5005469
5005920
5006089
5007723
5008868
5009469
5011277
5011458
5011999
5012826
5014392
5014514
5015802
5016105
5018300
5018534
5019607
5022129
5023701
5023872
5024105
5024545
5025075
5027185
5027275
5027608
5028515
5032098
5033444
5033918
5034230
5035296
5035879
5035943
5036947
5037544
5037746
5038640
5039657
5040178
5041487
5043044
5043416
5046121
5046792
5050239
5050548
5052552
5054097
5054624
5055947
5057189
5058396
5059419
5060021
5063197
5065351
5066242
5068850
5068866
5069275
5069536
5070949
5071903
5072832
5073318
5074002
5075777
5075952
5076428
5077011
5077059
5077892
5078947
5079483
5079489
5080156
5081697
5081996
5082008
5083611
5083972
5085429
5085636
5086282
5087011
5087085
5087247
5088575
5088779
5089747
5090245
5092389
5093109
5093881
5094039
5094456
5094588
5094803
5094821
5096421
5096538
5096627
5097207
5098307
5098921
5098988
5099231
5102236
5102588
5103788
5103946
5104683
5105266
5105863
5106649
5111136
5115456
5116820
5117203
5118366
5119010
5122798
5125318
5125387
5125498
5125595
5131422
5131814
5135632
5135770
5135807
5135950
5137666
5139582
5141095
5142155
5143465
5143825
5144159
5144283
5145079
5145585
5148361
5149067
5149189
5150598
5151420
5153606
5154008
5154734
5155667
5155975
5156811
5157199
5157845
5159632
5160331
5160360
5161059
5161123
5161724
5163285
5164566
5165809
5166548
5170598
5170758
5172275
5172562
5175380
5175422
5175684
5176270
5178110
5178695
5179113
5179473
5180778
5181449
5183776
5184383
5184407
5185329
5186301
5186493
5187671
5187779
5189014
5191415
5191905
5193463
5194274
5194509
5198568
5199365
5199715
5200050
5200209
5200770
5201317
5201603
5203063
5203734
5204795
5204965
5204974
5205743
5206925
5208110
5208319
5208519
5208751
5208857
5210869
5211475
5213553
5214351
5214712
5215516
5217788
5219203
5219827
5221111
5221810
5222752
5226298
5226713
5227901
5228208
5228375
5228401
5228894
5229830
5229875
5230392
5231204
5235386
5235607
5236367
5236942
5237400
5238188
5238584
5241486
5244297
5245454
5245636
5253581
5253703
5254227
5255200
5255239
5255480
5255819
5255935
5258203
5258455
5259617
5259841
5260193
5260344
5261566
5262295
5262720
5264319
5267055
5268100
5268504
5269344
5271778
5273728
5275189
5275295
5276398
5276543
5277366
5277617
5277825
5278386
5278890
5279560
5280354
5282045
5284131
5285279
5287754
5288055
5288544
5289178
5289976
5290955
5292237
5293677
5294200
5295064
5295970
5298484
5299221
5301061
5301213
5301540
5303097
5304549
5305208
5305989
5307989
5308312
5309155
5309621
5309699
5310503
5311375
5311434
5312031
5312474
5314349
5316155
5316817
5317169
5318544
5319972
5320427
5322867
5325926
5326158
5326427
5327057
5329704
5332788
5333039
5333335
5334166
5335230
5336270
5336976
5337034
5337331
5337436
5337743
5339661
5342519
5342651
5343045
5343942
5344482
5348533
5349333
5349706
5349802
5350195
5350733
5352609
5353135
5353883
5353930
5353957
5354377
5354653
5355551
5356006
5357248
5357625
5360557
5361594
5362172
5363725
5364822
5368266
5368617
5369823
5370236
5370872
5370890
5372208
5372422
5374210
5374918
5375935
5377515
5377703
5378284
5378549
5380617
5382946
5383360
5384126
5384474
5386086
5388131
5389056
5389332
5390349
5392497
5393667
5394060
5394464
5397874
5398056
5398937
5399276
5399495
5400642
5403323
5403841
5404026
5404907
5405082
5405181
5405406
5405646
5405650
5406189
5410078
5413596
5414631
5414805
5414807
5415492
5416641
5417244
5418759
5420669
5420861
5422816
5423570
5427193
5427343
5432504
5435750
5438257
5438377
5439167
5442036
5443113
5444896
5445073
5446512
5448379
5448978
5449703
5451551
5451881
5452093
5453056
5453953
5454864
5455175
5455457
5455536
5457200
5457507
5457813
5459586
5461254
5461520
5461574
5463067
5463338
5464583
5464705
5466575
5467002
5471665
5472033
5472422
5477188
5478168
5480843
5480877
5481185
5481897
5483003
5483176
5483804
5484609
5484752
5484982
5485601
5485790
5486297
5486399
5487811
5487938
5488392
5490067
5493345
5494605
5497333
5497429
5501772
5502070
5502343
5502503
5502781
5506119
5508851
5510878
5513612
5513639
5513919
5514259
5514277
5515153
5515779
5516060
5516739
5517028
5517640
5517910
5521145
5521166
5521855
5523338
5524313
5525023
5525919
5529396
5531442
5532536
5534346
5536447
5538749
5539727
5540718
5541172
5541580
5542833
5542868
5544865
5544995
5545628
5545987
5547114
5548334
5550373
5551004
5551422
5551527
5552121
5554511
5558002
5559332
5561078
5562237
5563959
5563971
5564654
5566452
5566456
5567928
5570096
5570210
5570987
5571442
5571915
5572191
5572906
5573412
5573653
5573886
5575719
5575738
5576112
5577751
5577758
5577997
5578811
5579126
5579485
5581275
5582115
5584368
5585988
5586981
5590123
5590632
5592319
5593102
5593771
5594647
5595307
5595870
5596766
5597392
5597453
5598399
5599806
5599811
5600640
5601573
5604255
5605745
5606775
5611013
5612276
5613515
5613711
5615304
5616476
5616552
5616651
5617478
5620213
5621206
5621709
5622478
5623355
5626819
5627020
5627647
5628709
5629351
5629542
5630285
5631410
5631484
5632703
5632893
5632990
5634092
5634446
5635992
5636708
5636967
5637378
5637618
5638248
5638807
5640049
5640298
5643325
5645579
5647356
5648346
5648754
5651858
5651979
5652561
5652796
5654286
5656412
5657624
5657909
5658721
5659525
5659887
5661177
5662419
5662577
5663524
5663587
5663747
5663936
5664034
5664091
5664209
5665377
5665733
5666016
5667810
5669494
5671062
5672230
5672406
5672513
5677619
5678148
5678417
5679767
5680689
5681337
5681504
5682204
5683349
5684847
5685224
5685741
5685767
5686136
5686693
5687363
5688724
5690773
5690925
5691373
5692094
5698115
5699712
5699777
5702407
5703516
5703798
5704035
5704624
5704853
5706227
5706389
5707026
5707201
5707508
5709822
5710776
5711079
5711080
5711358
5712127
5713260
5714222
5714479
5716969
5717121
5718649
5719500
5723088
5723367
5723458
5725047
5727515
5727952
5728896
5731411
5732687
5733740
5735117
5736335
5736498
5737399
5739945
5741875
5742978
5743800
5743974
5744676
5744785
5745474
5746354
5748553
5748655
5750031
5751366
5751585
5754671
5755939
5756570
5757045
5758232
5759656
5760457
5761068
5761180
5761244
5761544
5761721
5762159
5762385
5763173
5763213
5765464
5765880
5767322
5768430
5770886
5771760
5771932
5774029
5774386
5775520
5777651
5778027
5780438
5784099
5784560
5785592
5786018
5786834
5787310
5788414
5788448
5788490
5789603
5789655
5790073
5790912
5791823
5792719
5793872
5793890
5793962
5794639
5796158
5796258
5801694
5802889
5804520
5805135
5805969
5808420
5810171
5810423
5812296
5812584
5812685
5815889
5815998
5816534
5817662
5817962
5817997
5819250
5819646
5819828
5821020
5821716
5822244
5823232
5823572
5825200
5825935
5826473
5829752
5831017
5832235
5832306
5834126
5834394
5834557
5835644
5837901
5838651
5839747
5841882
5843320
5850016
5854209
5856450
5856489
5856999
5858503
5859144
5864070
5864392
5864690
5865863
5866411
5867819
5869148
5871898
5872123
5873000
5874672
5874938
5876285
5877046
5879069
5880209
5880348
5881211
5883308
5883472
5883908
5885061
5885184
5885585
5885767
5888621
5888789
5890915
5894011
5896141
5896299
5898166
5899218
5899962
5900336
5901253
5901550
5902115
5903094
5903903
5904456
5905947
5906273
5906460
5907589
5908262
5911408
5915697
5916347
5916537
5917263
5919405
5920478
5922126
5924174
5924462
5926434
5927862
5933267
5933975
5936441
5936790
5938236
5938601
5939776
5941543
5942144
5942316
5946201
5946711
5947976
5948601
5949046
5949655
5951748
5952782
5954192
5954520
5956517
5956543
5957908
5959255
5960081
5961318
5961921
5961987
5962620
5963295
5963523
5964343
5967231
5967482
5967634
5969044
5972872
5973871
5975498
5975810
5977332
5978286
5978359
5979192
5980439
5981105
5983089
5983385
5983519
5985196
5985408
5986599
5987375
5987902
5987921
5988254
5988953
5990197
5995518
5997251
5999519
5999956
6000561
6000996
6001590
6003085
6003513
6004874
6004876
6005234
6005678
6007856
6008543
6008979
6011074
6011789
6011963
6012497
6013190
6014027
6018113
6018532
6018709
6019235
6019972
6020694
6022984
6024948
6025738
6026642
6029068
6029826
6030906
6031442
6032125
6032172
6032578
6032729
6033722
6034978
6035745
6036056
6037169
6037860
6037907
6037951
6038352
6038668
6041533
6041549
6043485
6046895
6047270
6047544
6050128
6051247
6051542
6055695
6056204
6056616
6058043
6058457
6059046
6061182
6062646
6062962
6063087
6063508
6065072
6066350
6067205
6068183
6069130
6069352
6069381
6069986
6070032
6072574
6072979
6073934
6074169
6075008
6075401
6075857
6076647
6077910
6078255
6079446
6080364
6080865
6084805
6086532
6087908
6087965
6088092
6088863
6089053
6089222
6089915
6091082
6091586
6091743
6092668
6093034
6095227
6095424
6097083
6097238
6099214
6099215
6099366
6099422
6099968
6100424
6101089
6104491
6106004
6106217
6106746
6106920
6107999
6108068
6111508
6111781
6116526
6117026
6117483
6117624
6119705
6122228
6122257
6124261
6126556
6128543
6128590
6129597
6130604
6130734
6131479
6132916
6133528
6134559
6135465
6135547
6136675
6138690
6139531
6139714
6142165
6142396
6143521
6145157
6145646
6145736
6147929
6151086
6151691
6152328
6153058
6154020
6154541
6154853
6155112
6159654
6159778
6160023
6160894
6162169
6162572
6162584
6163812
6164855
6166062
6166982
6167466
6167880
6169250
6169949
6169967
6174993
6175156
6175956
6176018
6176310
6176954
6179236
6179271
6179772
6179935
6180033
6180283
6181465
6181563
6182290
6184773
6185783
6185925
6186298
6186877
6187536
6188024
6189730
6190549
6191407
6193313
6194021
6195038
6195120
6195887
6196742
6197826
6197947
6199121
6199538
6199961
6200889
6201308
6203531
6204512
6205848
6207263
6208067
6211660
6211936
6212253
6212576
6214100
6214747
6214910
6215619
6216029
6216571
6216709
6216711
6218477
6218584
6219337
6219695
6220007
6220673
6222129
6223018
6223309
6225172
6227790
6228871
6231175
6231249
6232435
6232686
6233266
6233829
6235497
6235706
6236006
6236582
6236817
6237107
6238232
6238608
6239770
6242815
6243350
6243517
6243829
6245617
6245933
6245960
6246728
6248185
6250786
6251144
6252336
6253140
6254044
6254166
6254362
6255846
6256275
6256665
6256754
6257274
6258076
6260718
6262964
6264176
6264695
6264700
6265848
6265879
6265905
6267199
6268184
6268337
6268513
6271301
6271316
6273364
6273579
6275346
6275623
6275819
6276524
6276602
6276768
6278308
6280116
6283507
6283762
6284078
6284690
6285149
6286785
6288831
6289364
6289393
6289807
6289875
6290435
6290955
6291259
6291998
6292332
6292900
6294435
6295162
6296364
6296760
6296845
6299139
6300478
6300684
6301880
6303067
6304958
6305611
6307123
6307276
6311304
6313613
6315087
6316081
6316416
6318579
6319315
6320062
6320712
6321071
6321246
6322349
6323399
6323530
6325984
6327560
6333182
6333627
6333931
6334145
6336207
6336826
6337038
6337554
6338630
6338975
6340034
6340401
6340717
6342230
6342631
6343823
6345102
6345267
6345666
6347422
6349266
6351453
6352232
6352592
6352760
6353005
6354111
6359532
6359890
6361925
6362422
6362495
6363541
6364106
6364317
6365322
6365327
6365328
6365825
6367132
6367182
6367905
6368507
6371755
6371790
6372128
6372471
6375316
6377336
6377360
6380318
6381857
6382134
6382194
6385856
6386519
6386726
6387752
6387928
6388360
6388419
6389097
6389892
6390319
6390372
6390587
6390598
6392027
6393467
6394277
6394620
6395353
6397492
6397576
6397761
6397896
6399244
6400504
6400506
6401017
6403560
6403735
6405035
6405259
6405539
6406011
6406190
6407242
6408087
6408624
6409486
6410527
6413715
6413961
6414690
6414968
6415629
6417785
6418013
6419052
6419302
6419686
6420135
6421728
6422239
6424199
6424225
6424449
6426044
6426736
6428754
6428866
6428916
6431015
6431550
6432903
6433367
6436573
6436730
6438031
6439670
6443065
6443451
6443703
6443898
6444101
6445167
6445725
6445818
6445863
6447349
6447458
6449185
6452341
6455157
6455290
6455847
6456789
6457493
6457505
6459423
6461517
6463285
6464434
6466591
6466900
6466992
6467483
6469869
6471781
6471872
6473341
6473596
6473915
6476105
6477674
6479509
6482979
6483588
6484442
6484585
6487643
6487822
6488968
6490961
6493815
6495530
6495755
6496061
6496774
6498369
6501718
6502557
6502734
6505090
6505181
6505777
6507441
6509192
6510176
6512210
6514385
6515110
6517006
6517747
6520031
6520078
6520574
6520748
6521083
6522784
6523143
6523482
6524216
6524571
6525142
6526092
6526564
6528833
6529722
6533356
6533857
6534879
6539757
6540408
6541958
6542529
6545465
6545489
6546138
6546383
6546524
6547145
6547259
6547689
6548251
6548521
6548611
6551556
6552714
6553257
6554059
6554258
6556660
6556958
6558523
6560699
6560927
6560931
6563304
6563603
6564503
6566425
6568234
6568528
6569634
6571892
6573407
6575089
6575528
6576343
6576590
6577923
6579393
6579422
6581373
6581393
6581868
6582119
6583424
6585248
6585777
6585953
6586641
6588429
6589005
6589591
6591633
6592291
6592972
6593665
6593752
6596452
6599792
6601490
6604075
6604211
6606470
6606673
6606897
6609271
6610889
6611484
6611743
6613215
6613216
6615195
6615608
6618335
6620314
6621527
6622421
6623337
6627138
6627476
6628293
6628705
6631141
6631364
6631656
6632658
6633356
6633405
6635236
6635459
6635635
6635668
6635683
6636175
6637988
6638137
6641282
6642378
6643705
6644549
6644714
6644784
6646482
6646494
6646496
6648242
6649253
6650183
6650612
6651895
6652696
6653160
6653983
6654806
6655267
6655693
6656239
6656946
6657337
6657755
6657834
6658739
6659038
6659195
6659892
6659963
6661676
6662611
6663799
6664276
6664485
6665522
6665737
6666898
6669215
6669244
6669448
6669754
6669757
6669892
6670303
6670412
6671010
6671226
6672341
6672586
6674771
6675215
6675692
6676712
6680322
6680504
6680915
6681244
6686347
6688398
6689229
6689708
6690355
6690377
6690924
6691210
6692282
6692998
6693285
6693448
6696899
6699008
6701036
6701075
6701390
6701907
6703024
6703367
6704986
6705099
6705238
6705931
6707126
6707461
6708651
6711816
6711960
6712233
6713142
6714256
6714287
6715523
6716077
6717720
6718259
6718512
6721760
6722164
6722958
6724511
6725220
6725755
6727447
6727768
6729101
6729558
6730324
6731333
6732250
6736324
6736745
6737768
6738201
6739222
6739495
6740023
6740223
6741434
6742165
6745810
6745986
6747630
6749467
6751479
6751498
6752499
6752814
6752873
6753084
6754808
6754840
6756067
6756934
6757689
6758888
6759566
6761104
6761987
6762229
6763285
6768265
6768814
6769840
6770413
6771318
6771786
6772116
6772404
6773771
6776974
6778409
6779583
6780062
6780737
6781612
6782110
6784098
6784444
6784897
6786174
6788204
6788271
6788532
6788806
6791663
6792244
6793408
6794951
6795523
6796389
6796544
6797023
6797845
6797934
6798279
6798409
6799015
6799215
6799794
6803336
6804075
6806298
6807293
6808050
6809243
6810005
6810533
6811036
6811566
6812022
6812586
6814546
6815451
6816865
6818467
6819603
6820145
6821661
6822512
6823311
6823572
6824031
6825734
6827197
6828749
6828809
6830210
6830598
6831401
6832116
6832773
6833236
6833977
6834171
6835713
6835827
6836063
6838378
6838751
6839189
6840166
6842221
6842339
6843093
6844775
6845072
6845648
6846219
6846852
6847245
6848134
6851658
6852612
6854098
6856118
6856143
6857160
6858601
6858765
6860529
6863424
6864242
6865248
6866664
6870070
6871073
6872265
6872289
6873510
6874764
6875126
6875231
6877754
6878009
6878720
6878972
6879331
6879460
6880244
6880493
6881354
6887073
6888467
6888592
6889991
6890524
6891268
6892897
6894038
6895909
6896735
6897283
6897491
6898063
6898313
6898523
6900788
6901087
6904333
6904471
6905650
6905975
6906540
6906626
6906802
6906953
6908402
6908533
6909424
6909895
6910318
6910526
6911788
6912957
6913085
6913315
6913965
6914143
6915577
6919477
6919597
6919633
6919994
6920659
6920903
6923321
6923804
6924301
6924967
6925058
6925431
6928556
6932750
6933029
6933369
6933868
6934064
6935041
6935170
6938837
6939929
6942005
6942147
6942420
6944715
6945816
6947654
6947680
6948682
6949365
6951294
6953011
6953499
6953551
6953943
6957047
6957693
6960487
6962393
6962689
6963900
6964625
6967378
6968272
6968348
6968943
6972018
6972912
6973722
6975455
6977905
6978756
6980628
6981485
6983293
6984353
6985008
6985332
6985667
6987149
6987659
6989314
6989371
6989489
6990358
6990393
6990594
6991416
6991837
6993797
6993967
6994526
6994542
6995564
6996101
6998548
6998811
6999280
6999570
6999643
7000728
7000944
7001440
7003632
7004178
7004445
7007703
7007894
7011554
7011645
7012001
7012108
7013353
7017550
7018454
7019969
7020202
7023067
7023557
7023930
7024082
7024410
7026174
7026409
7026658
7026685
7026708
7026884
7027450
7028175
7028424
7029268
7031413
7032852
7033930
7034162
7034251
7034789
7034868
7037383
7037908
7038013
7038877
7041018
7043400
7043671
7044503
7045038
7046746
7047321
7048598
7049032
7049266
7049713
7050731
7051757
7051949
7051999
7052340
7053700
7054008
7056088
7057236
7057481
7059697
7060977
7062289
7063385
7065336
7065900
7066121
7066399
7066690
7067879
7069091
7074040
7076285
7076886
7077136
7077420
7080186
7081677
7083696
7085171
7085648
7085758
7087727
7087936
7088240
7089391
7091168
7091779
7092002
7092995
7094875
7095501
7095518
7096522
7096847
7100786
7101025
7102563
7103024
7103999
7104228
7104231
7105059
7105689
7106150
7107516
7108341
7108499
7108785
7110074
7112264
7112338
7115962
7116651
7116962
7117105
7117341
7118202
7119219
7120300
7120675
7120786
7122412
7123007
7123242
7123718
7125540
7125981
7126015
7126573
7127052
7130207
7132119
7132534
7133882
7134037
7134307
7135671
7135855
7136747
7136925
7140461
7142323
7142743
7144366
7144463
7144685
7144704
7145285
7147186
7147394
7147848
7148381
7149450
7150925
7152311
7152989
7154278
7154734
7155317
7156891
7157133
7158611
7158780
7160385
7160737
7160864
7160982
7161460
7161613
7167198
7167670
7167689
7170013
7170428
7171341
7172243
7172624
7176177
7176425
7176502
7177556
7178019
7179446
7179470
7180178
7180725
7180955
7181063
7181235
7183042
7183720
7184976
7185120
7186135
7186165
7186881
7187562
7187981
7190734
7192647
7192716
7194490
7194676
7197014
7197320
7197836
7200648
7200763
7201241
7201746
7202203
7202934
7203009
7204004
7207637
7208340
7208350
7209316
7209486
7210171
7210483
7210893
7211120
7211728
7212111
7212165
7212796
7213606
7215393
7216515
7216978
7218151
7218821
7219210
7220067
7220929
7222195
7223352
7223689
7225400
7227554
7231546
7231700
7231946
7232092
7232095
7232238
7234953
7235596
7235730
7237558
7237730
7237739
7239928
7240896
7241935
7242263
7243539
7245062
7249389
7249486
7250952
7253099
7253853
7254239
7254382
7257343
7258895
7259603
7266096
7267098
7268407
7268711
7268802
7269890
7271044
7271771
7271861
7272904
7273321
7273709
7273882
7273884
7273890
7274891
7274947
7275155
7276704
7276942
7277006
7277056
7279008
7279038
7283373
7283769
7284215
7284769
7286044
7287322
7289394
7290590
7292247
7293597
7293912
7294138
7294833
7294885
7295879
7296564
7297475
7297938
7302295
7302679
7303122
7304698
7305316
7305992
7307447
7308569
7310537
7310641
7311185
7312244
7313857
7315399
7315755
7316688
7317796
7317815
7321023
7321555
7322094
7322348
7323751
7323965
7325473
7325524
7325782
7326537
7327034
7327279
7329352
7329354
7331423
7332174
7332546
7333902
7334386
7334406
7334802
7338479
7339331
7341124
7342100
7343523
7343526
7343973
7344907
7345107
7345804
7346448
7346658
7347030
7348381
7349698
7349811
7349816
7350805
7351537
7351852
7352180
7355251
7359366
7360143
7361569
7361573
7361878
7363672
7364097
7365120
7366780
7370573
7370904
7371482
7372625
7374215
7375264
7376581
7376605
7376662
7377153
7379032
7380746
7382321
7385772
7386221
7386568
7386667
7386940
7386957
7387376
7388019
7388598
7388934
7389487
7391194
7392269
7392659
7393619
7394875
7395494
7395892
7397244
7398914
7400171
7401002
7401419
7404725
7405035
7405231
7406535
7406625
7408073
7409133
7409182
7409440
7409719
7410689
7413063
7415359
7416040
7421113
7421919
7424125
7425135
7425917
7426082
7428358
7432358
7432950
7433030
7435734
7437185
7437703
7438326
7439875
7442640
7445150
7445451
7446702
7447214
7447499
7447763
7449650
7450119
7453124
7456191
7456680
7456959
7457972
7459834
7460244
7461862
7462141
7465344
7467289
7468579
7469038
7469081
7470281
7470843
7471711
7472497
7472682
7472689
7473556
7473672
7473926
7474502
7476262
7476302
7476380
7478632
7480083
7481146
7481661
7482913
7483760
7483874
7483908
7484018
7484457
7485037
7485566
7487718
7488778
7488929
7488964
7489140
7489676
7490809
7491484
7491494
7492825
7495747
7496535
7496897
7498645
7499188
7499441
7499709
7499919
7500412
7500448
7501167
7502334
7502543
7503328
7503548
7505299
7510016
7510143
7510905
7511896
7512995
7513832
7514052
7514283
7514587
7515930
7518905
7519558
7519955
7520321
7520354
7520379
7520534
7522317
7525127
7527844
7528051
7528168
7528977
7530305
7531975
7533242
7533880
7537476
7541203
7541918
7542723
7543433
7544094
7544701
7545399
7545822
7545947
7546918
7549012
7549522
7550491
7550873
7550915
7551285
7552011
7552564
7553838
7555455
7556052
7556535
7556847
7557856
7558011
7558746
7559094
7562516
7562689
7564316
7569088
7571080
7572447
7572902
7574263
7574313
7575705
7576015
7577992
7578334
7579289
7583730
7587543
7591899
7591999
7592708
7593620
7596068
7598543
7599427
7599510
7602750
7602899
7602918
7603215
7605191
7606367
7606598
7607812
7608053
7608501
7609326
7610711
7613025
7613619
7613755
7613919
7614780
7618453
7624441
7624888
7625004
7625043
7625306
7625351
7627545
7628199
7630954
7637651
7637684
7637905
7640817
7641169
7641188
7641729
7642606
7644185
7645195
7645578
7646536
7649463
7649911
7650067
7650681
7655328
7655386
7656057
7657241
7658899
7660514
7661279
7662283
7665249
7666196
7666796
7666849
7667469
7668691
7669999
7670085
7670122
7670349
7670541
7670841
7670914
7673527
7675524
7676134
7677351
7677549
7678659
7679380
7681169
7681888
7681948
7684648
7685594
7686225
7689046
7689271
7692726
7693932
7694460
7695157
7695751
7696432
7697342
7697967
7700076
7700498
7701044
7701468
7702683
7704290
7705496
7705519
7706131
7706372
7707677
7708273
7708956
7709546
7710747
7711041
7711378
7711685
7711907
7712793
7713834
7715051
7715703
7718684
7719329
7720791
7721070
7723533
7723547
7723650
7726101
7727784
7728877
7730312
7731440
7734701
7735992
7738348
7738738
7741393
7743036
7749278
7749446
7750290
7750461
7750988
7751605
7752113
7752486
7754287
7754745
7755525
7756538
7756815
7758627
7760110
7762481
7763432
7763470
7765094
7766445
7767140
7768002
7769812
7770142
7770504
7771011
7771238
7773156
7775637
7775871
7776584
7777206
7778048
7779125
7780149
7780341
7780486
7781110
7782024
7782865
7783507
7783587
7784526
7785802
7786144
7786946
7787815
7787848
7788133
7789956
7790028
7791409
7792131
7792568
7793351
7795056
7796193
7796606
7796642
7797204
7797378
7797717
7798734
7801076
7801265
7801791
7802361
7804166
7805524
7806736
7807542
7807557
7808025
7812101
7812232
7813919
7814231
7815127
7818031
7819468
7819716
7820058
7820701
7821233
7823562
7823630
7825705
7826302
7827032
7828951
7829218
7829969
7830230
7831099
7834014
7835678
7837755
7840114
7843625
7844229
7844473
7845177
7846531
7846847
7847463
7847881
7848414
7849573
7849988
7850828
7851945
7852885
7852965
7854639
7854670
7855968
7856930
7857692
7857896
7858636
7860084
7861246
7861458
7861936
7862550
7862558
7863328
7864694
7865219
7866885
7867219
7867782
7867816
7867888
7868570
7869248
7872869
7872926
7873528
7874413
7874475
7874612
7874675
7874680
7874849
7877230
7877618
7879643
7879810
7881012
7881088
7881275
7883182
7883697
7883994
7886269
7887212
7888752
7891069
7892186
7892506
7894178
7894781
7895895
7896118
7896973
7898206
7898622
7900100
7900328
7900848
7901140
7902990
7903190
7903557
7904298
7904714
7905138
7905788
7905932
7906090
7906748
7907244
7907285
7907326
7907692
7907885
7911678
7911794
7912721
7912988
7913920
7914130
7914173
7915601
7916039
7917634
7918630
7919191
7919217
7919736
7920259
7920512
7922227
7922565
7924185
7926672
7927063
7931227
7935121
7936010
7936248
7936562
7938862
7939103
7941504
7942997
7949209
7949605
7950163
7950360
7950589
7951750
7952963
7953161
7953888
7954100
7954765
7955446
7955830
7955888
7959761
7960307
7960768
7961241
7962689
7963496
7964071
7964287
7964347
7964682
7966092
7968748
7969387
7969698
7970267
7973260
7973902
7974329
7976861
7978534
7981056
7982290
7982689
7985974
7986066
7986598
7987200
7987895
7988138
7988254
7988526
7988627
7989457
7990573
7990667
7991530
7992304
7992907
7993693
7994114
7996033
7996185
7997372
7998986
8000567
8000707
8003162
8003488
8004263
8004692
8005197
8006392
8009178
8009376
8011603
8012307
8012796
8014008
8015028
8015084
8015866
8015975
8016950
8017082
8017521
8019169
8022793
8023830
8025832
8026169
8027428
8027972
8028723
8029257
8030473
8032364
8033507
8034178
8035823
8036600
8037968
8038302
8039627
8044250
8044594
8045032
8045978
8046142
8048369
8049165
8049198
8049706
8051126
8052645
8054451
8055072
8055554
8055624
8056186
8057300
8059236
8060388
8061879
8062318
8064296
8065551
8065845
8066556
8067518
8067800
8068965
8069932
8070908
8073138
8074486
8075979
8080091
8080350
8080847
8085168
8085999
8086108
8086141
8086425
8088153
8089239
8089958
8090917
8092093
8092273
8092759
8094348
8095097
8096127
8097681
8100779
8101627
8102301
8102348
8102597
8102933
8108119
8108840
8108869
8109919
8110437
8112482
8115172
8115382
8116066
8118093
8118150
8119233
8119260
8119725
8122521
8123189
8126501
8127101
8127219
8128917
8129781
8129815
8131735
8132235
8133391
8133745
8134938
8135265
8135820
8136216
8140880
8142079
8142081
8142164
8142538
8143359
8143624
8145117
8146106
8146631
8146827
8147045
8147248
8149003
8150141
8153836
8154027
8154068
8154580
8155824
8155898
8156052
8156108
8156193
8156441
8156898
8156904
8158213
8158690
8159414
8160189
8160742
8161506
8162646
8164344
8164401
8169189
8172413
8173298
8177730
8177769
8177968
8178074
8178319
8178373
8178987
8179220
8179573
8182478
8182830
8186485
8186618
8188005
8188139
8188372
8189293
8190744
8190988
8192329
8193898
8194332
8194551
8196248
8196692
8196907
8200552
8200909
8201687
8201844
8203411
8204033
8204116
8204960
8207142
8207514
8207968
8208535
8208866
8209619
8209857
8210029
8210787
8212575
8214085
8215738
8216682
8218423
8219602
8219804
8220865
8222548
8225708
8225823
8225907
8226318
8226680
8227412
8228709
8229094
8229727
8230908
8233503
8234050
8234932
8235583
8236195
8238927
8242492
8242651
8242738
8244086
8244954
8245656
8248099
8248168
8248402
8248903
8250975
8251950
8252663
8255635
8256295
8256933
8257159
8257370
8257426
8258754
8259689
8260533
8260575
8260861
8262505
8262644
8263416
8263687
8263827
8263952
8266505
8267228
8267337
8267514
8268507
8269131
8271052
8273351
8273613
8273935
8274211
8274603
8275854
8276214
8276462
8277100
8277152
8278628
8278882
8280985
8281157
8283353
8283999
8285145
8285380
8289146
8291329
8293195
8294792
8296748
8297392
8298182
8299513
8300096
8302599
8303477
8305875
8306614
8309292
8309954
8311109
8312429
8312442
8313933
8314204
8314275
8316380
8319242
8319984
8320022
8320756
8321898
8323174
8323186
8324048
8325227
8326672
8327351
8327515
8328494
8329313
8329375
8329758
8329786
8330415
8330871
8331930
8331981
8333138
8333716
8334514
8335371
8336829
8338538
8339553
8339621
8340078
8341068
8342639
8343310
8345723
8346593
8347303
8348585
8349119
8350352
8351545
8355182
8355273
8355559
8355868
8358681
8359604
8361352
8361465
8362616
8362668
8362731
8364482
8367043
8367412
8368709
8369150
8370585
8372284
8373985
8374640
8374928
8376345
8377409
8377849
8379948
8380432
8381685
8382013
8382168
8384104
8384180
8386096
8387174
8388822
8390064
8391007
8391270
8391583
8392020
8395027
8395828
8396595
8397625
8399339
8400066
8401067
8401133
8401522
8401852
8402119
8402343
8403863
8404032
8408821
8411548
8412102
8413079
8413389
8414222
8414596
8415251
8416485
8416569
8416812
8416964
8417824
8419130
8420594
8420929
8422865
8423827
8424301
8424974
8425276
8428242
8428368
8429029
8436000
8436068
8436431
8437011
8437720
8439809
8441886
8443335
8444257
8444492
8448272
8448916
8451012
8451259
8451593
8455653
8457012
8458345
8461288
8461596
8462111
8462710
8466975
8468332
8469670
8469906
8470454
8472014
8473514
8475291
8476783
8477674
8479629
8479657
8481110
8481443
8482727
8482944
8484207
8484312
8485242
8485673
8485876
8486171
8486579
8486599
8488770
8492063
8492682
8493190
8494247
8494341
8495179
8495370
8497146
8497615
8497683
8498898
8500449
8501095
8502180
8502341
8504579
8504816
8506781
8508284
8508387
8509549
8511979
8513343
8514341
8514463
8514762
8514793
8516104
8517415
8519527
8519967
8520023
8520681
8520825
8521618
8521658
8522886
8523392
8524914
8524987
8526472
8526594
8527302
8528570
8530078
8531229
8531761
8533736
8536169
8536266
8536574
8538376
8538903
8542735
8543919
8544032
8544253
8544537
8544714
8546166
8549285
8550858
8552330
8552742
8552880
8553259
8557263
8557330
8558937
8560296
8563848
8564509
8565033
8567735
8568173
8568361
8573083
8574085
8574725
8574924
8577548
8578198
8578856
8580020
8581528
8582146
8582887
8584403
8585146
8586226
8586532
8586747
8587005
8587127
8588544
8589304
8591578
8594473
8595528
8595675
8596128
8596221
8597531
8600692
8607881
8608841
8609381
8609414
8610326
8610704
8610906
8612934
8613868
8616317
8616492
8616818
8617496
8618531
8619181
8620235
8620474
8620931
8625107
8625429
8625922
8627638
8629013
8630295
8631061
8631314
8631987
8632062
8632703
8633838
8634789
8638364
8639619
8642103
8643449
8648352
8649867
8650702
8651962
8652928
8652985
8654493
8655003
8655075
8655366
8655859
8658272
8658568
8659252
8660708
8661489
8662942
8663494
8663689
8664563
8666593
8667229
8669172
8669422
8671091
8671691
8672453
8673066
8673420
8674711
8674751
8675105
8675584
8676074
8676397
8676470
8677629
8677741
8677984
8678461
8678469
8678822
8679221
8680898
8682680
8683021
8683034
8683925
8684534
8684539
8684628
8685753
8686797
8687326
8687710
8687721
8689176
8692951
8693030
8693597
8694534
8696473
8696590
8697688
8698827
8701625
8702389
8702713
8703168
8703734
8704681
8705966
8706172
8706560
8706797
8708602
8710290
8710297
8712092
8712452
8712954
8713566
8713980
8715967
8717092
8717244
8717524
8718688
8719749
8720459
8721392
8721854
8722044
8722708
8723244
8723991
8724854
8725487
8726793
8727068
8727844
8729474
8731228
8733555
8733918
8734132
8737401
8737414
8738241
8739909
8740453
8741560
8742253
8744489
8746686
8746704
8747734
8749264
8749814
8750948
8751912
8752636
8753340
8753847
8753933
8754969
8755181
8756552
8757222
8757650
8757950
8758334
8758478
8758804
8759223
8760117
8760198
8761263
8761677
8761679
8761857
8762444
8762486
8764223
8766372
8766783
8767582
8770735
8771331
8772438
8772648
8773719
8773766
8774742
8777611
8778156
8778989
8780866
8781025
8782621
8783589
8784583
8784606
8785532
8787281
8788597
8789490
8789572
8789669
8791246
8792304
8793900
8794579
8799896
8800748
8800840
8801262
8801487
8801521
8801524
8801748
8802214
8802449
8803053
8804745
8805873
8806248
8806521
8809735
8810510
8811467
8811748
8812583
8814100
8814290
8817868
8817981
8819159
8819432
8819680
8819924
8821443
8823364
8824634
8825242
8825676
8829272
8830456
8833113
8834046
8837101
8837109
8837332
8837530
8837578
8838408
8838705
8839143
8839998
8841046
8842368
8843583
8844020
8845760
8847075
8847273
8848070
8848989
8849478
8850838
8851054
8852019
8854380
8857237
8857599
8859228
8860335
8863829
8863956
8864099
8864806
8865214
8866128
8866971
8867988
8868805
8872056
8873265
8873867
8874378
8875701
8877298
8878019
8880605
8880651
8880716
8881295
8882323
8882448
8883476
8883805
8884661
8885494
8885946
8888407
8888798
8888963
8889279
8890495
8891890
8892696
8895809
8896902
8897494
8900018
8900036
8900920
8901292
8903473
8906009
8907287
8907699
8908387
8910225
8911281
8913079
8913355
8915169
8915832
8916192
8916448
8916575
8918510
8919006
8919190
8919379
8920468
8920602
8920703
8920989
8922243
8922853
8924455
8924484
8924547
8924620
8924649
8925075
8926204
8926351
8926424
8929520
8929811
8931954
8932922
8935253
8935350
8938829
8939955
8939975
8940038
8941326
8941700
8941869
8941896
8943949
8945312
8948037
8948561
8951572
8953170
8954023
8954561
8954874
8955268
8957589
8957740
8958188
8959005
8959455
8961347
8961593
8962788
8966628
8967125
8967304
8970598
8971185
8971558
8972215
8972651
8973304
8975091
8975753
8977902
8979845
8980202
8981377
8982026
8983885
8984239
8984306
8984893
8985177
8986294
8987143
8987986
8989391
8990051
8990753
8991606
8993126
8995207
8996364
8996619
8996953
8997573
8999530
8999749
9000282
9001931
9003447
9004128
9004145
9004771
9005517
9008102
9008619
9010379
9011502
9011992
9014429
9016076
9016552
9016735
9018052
9018318
9020058
9022582
9024840
9026340
9030184
9032678
9034532
9035885
9036114
9036253
9037896
9040985
9043139
9043680
9046007
9047146
9047346
9049113
9051849
9052574
9052677
9053571
9053580
9054530
9055903
9057496
9057986
9059734
9061462
9062171
9062300
9063258
9064565
9064938
9065406
9065683
9067566
9067656
9068066
9068121
9068637
9069758
9070005
9070401
9071301
9071406
9071432
9071439
9071657
9072049
9073670
9075357
9075942
9078507
9081642
9082147
9084394
9084537
9084636
9088001
9088362
9094014
9096130
9098434
9099704
9099950
9102323
9103524
9105349
9105884
9107243
9107264
9107424
9108770
9108858
9109377
9110536
9111842
9112149
9116425
9116504
9119246
9119252
9119762
9120673
9120788
9121510
9122664
9124817
9126440
9128016
9131209
9131750
9132498
9133037
9133053
9133315
9137153
9139821
9140582
9141888
9142243
9142250
9143786
9144490
9145223
9146541
9146652
9148622
9148639
9148706
9148717
9149920
9149937
9150050
9150262
9151062
9151632
9152490
9154240
9154572
9154977
9155101
9157577
9157927
9158722
9159582
9160460
9161736
9161958
9165219
9165979
9168204
9168425
9170935
9171787
9172691
9172739
9174544
9175019
9175132
9175822
9177195
9178468
9178600
9181729
9182609
9182673
9182984
9184119
9184750
9186818
9187197
9187816
9188591
9190019
9190260
9190592
9191069
9191169
9191708
9192602
9193751
9193783
9193801
9196096
9196527
9196566
9196825
9196970
9197367
9197521
9197796
9198160
9199462
9203583
9204214
9204240
9204368
9204413
9205671
9205732
9206020
9208287
9210375
9210428
9211638
9211976
9212603
9214368
9214461
9215746
9216483
9217040
9219873
9220060
9220955
9222626
9223963
9224010
9224414
9225117
9227069
9227535
9232336
9232581
9233154
9233896
9234088
9234636
9236831
9237096
9237180
9237216
9238555
9238844
9244298
9244306
9246678
9250610
9251129
9253779
9253807
9254343
9257862
9259996
9260129
9260206
9260412
9261479
9262221
9264365
9265390
9265449
9267376
9268196
9271535
9272415
9273299
9274225
9275299
9276151
9276165
9277919
9278190
9278851
9280186
9280346
9282862
9285512
9287801
9287915
9288739
9290418
9290756
9293616
9295551
9295752
9298002
9300161
9300499
9300567
9301045
9301364
9301558
9302910
9303053
9304301
9304760
9305011
9305415
9305526
9306390
9306967
9309006
9309029
9309762
9310032
9311384
9311452
9312698
9313416
9314358
9315128
9315674
9315997
9316331
9319341
9319912
9321132
9321207
9322762
9324572
9325584
9328719
9329393
9330391
9334047
9334324
9334434
9335218
9336521
9338512
9339794
9342497
9343137
9347495
9350760
9350972
9353212
9353790
9353950
9354818
9355033
9357635
9358162
9359789
9360699
9361015
9362906
9364665
9365057
9365242
9366414
9366767
9367428
9367917
9369272
9369521
9371255
9372018
9376523
9376596
9379231
9379656
9379851
9380036
9381801
9381868
9383320
9384926
9386305
9386434
9386486
9386604
9386681
9387258
9388000
9389046
9389152
9389699
9392268
9392374
9394706
9396915
9397402
9397431
9402655
9404219
9405869
9406337
9406468
9408037
9408308
9408486
9408815
9409275
9410252
9410914
9411633
9411737
9413068
9414135
9414171
9415172
9415215
9415922
9417055
9417348
9417785
9421430
9421934
9422285
9423159
9423658
9424137
9424555
9425116
9426248
9426344
9426939
9427463
9427860
9428917
9430348
9430662
9435719
9436187
9436213
9436264
9436557
9439466
9440309
9441279
9441608
9447497
9447516
9447848
9449321
9451336
9452244
9453463
9453811
9458357
9459434
9460036
9460903
9460955
9461329
9461447
9461930
9462093
9462447
9463214
9464588
9464771
9465359
9466205
9466770
9469772
9471191
9472652
9472878
9473456
9475506
9475808
9476022
9476711
9476913
9477147
9477162
9478960
9479799
9481310
9481472
9482623
9484142
9485581
9488735
9488870
9490232
9492374
9492508
9492875
9493516
9493656
9494178
9494563
9494950
9495299
9495637
9496190
9497505
9498761
9500899
9502537
9502552
9502634
9503095
9503297
9507418
9507433
9508072
9509559
9510120
9510815
9512526
9513028
9513398
9514612
9516703
9516790
9516913
9517138
9517152
9517180
9517849
9518300
9521615
9521941
9522537
9524682
9525586
9525876
9526687
9527128
9528740
9529537
9529866
9531512
9531986
9532587
9532877
9533248
9535263
9535748
9536236
9536784
9537174
9538310
9538758
9539106
9542217
9542359
9542955
9543171
9545549
9546896
9547480
9547764
9548506
9549235
9549318
9551680
9553098
9553365
9555137
9555618
9555960
9556750
9556885
9558307
9564147
9564163
9567290
9568682
9569150
9570490
9570656
9575926
9577533
9577997
9578622
9579046
9579969
9581236
9581891
9582091
9582978
9583924
9584284
9586529
9587953
9588564
9589355
9589642
9590267
9590489
9590586
9590947
9591767
9592346
9594147
9595551
9595733
9595822
9597447
9597742
9601132
9601307
9602918
9603140
9604161
9604505
9605152
9605441
9605512
9605942
9606516
9606698
9606823
9607152
9607318
9609091
9610103
9610172
9611413
9611553
9612367
9612949
9613276
9616248
9616774
9617696
9618604
9620413
9621297
9624082
9624491
9626280
9627259
9629533
9629549
9629652
9629826
9630710
9633452
9634386
9634977
9635748
9637712
9639818
9639999
9640382
9645120
9645822
9646284
9646388
9647146
9647670
9649940
9650221
9650668
9651535
9651712
9651729
9652239
9652363
9654888
9655511
9655795
9656526
9656592
9657074
9657575
9659113
9659404
9661242
9662412
9663857
9663866
9664461
9664499
9665314
9665968
9667577
9668517
9669296
9672071
9672180
9672325
9673629
9674434
9675410
9676093
9676543
9679015
9679651
9680299
9680305
9680451
9680508
9681866
9682274
9683499
9683505
9685571
9688420
9689200
9692024
9693451
9694336
9695154
9695176
9696865
9697470
9699455
9699970
9702124
9702674
9704989
9705565
9706551
9708034
9709356
9709414
9710192
9710205
9711180
9711526
9712426
9715349
9715669
9716139
9717027
9722045
9724750
9726890
9729767
9729979
9731190
9732000
9732748
9732991
9733221
9733560
9733768
9733930
9734421
9734916
9734958
9735831
9737498
9739317
9739428
9739518
9742141
9743275
9745171
9746559
9746888
9748762
9749882
9750586
9751356
9752127
9754789
9756375
9758338
9758783
9758981
9759018
9762250
9762592
9764947
9765316
9767080
9770569
9771258
9771336
9771817
9771969
9772783
9773902
9774079
9775962
9776013
9776390
9776678
9776734
9777163
9777236
9778457
9779808
9780238
9781596
9782632
9785943
9787307
9788625
9789503
9789737
9790246
9791408
9791507
9791646
9792290
9792644
9793553
9795762
9795807
9795905
9796628
9798935
9801043
9801463
9801553
9802725
9802791
9804001
9804336
9804481
9804789
9805309
9805758
9806440
9807190
9807815
9807924
9808214
9809091
9809100
9810886
9812742
9813258
9813467
9815701
9817486
9818094
9818510
9820509
9821133
9821944
9822088
9822593
9823952
9829491
9831252
9833215
9833748
9835194
9835513
9836754
9838421
9838565
9838845
9840594
9841963
9842849
9843677
9844006
9844550
9845030
9846253
9846441
9847953
9848631
9849062
9849181
9849502
9849621
9851075
9852429
9852771
9853297
9853675
9853730
9854339
9855537
9856153
9856220
9856260
9856807
9858646
9859411
9859517
9859598
9861523
9862443
9862814
9864146
9864448
9864900
9865186
9865301
9866365
9866542
9867532
9868491
9868549
9868760
9868764
9869571
9870037
9870533
9871923
9875809
9875817
9876047
9877291
9877851
9879629
9881743
9881787
9882192
9882624
9883861
9885086
9885362
9885859
9886064
9886447
9886565
9889022
9890597
9891219
9891851
9891942
9892781
9893073
9893279
9893302
9893378
9893506
9893767
9894483
9894613
9896209
9896495
9899105
9899436
9899617
9901835
9902415
9903273
9904529
9905129
9905335
9906983
9907378
9908901
9909949
9910765
9911559
9912773
9915769
9916512
9916825
9918543
9919075
9921319
9921632
9923143
9923695
9924912
9925197
9926162
9926281
9928247
9929359
9932976
9935942
9937127
9938309
9939242
9940641
9941151
9942080
9943105
9945038
9945295
9946744
9946890
9947111
9951418
9952106
9952241
9955443
9956271
9956536
9957693
9958307
9958406
9958804
9959359
9960443
9961909
9963579
9963658
9964349
9964794
9964962
9966510
9968181
9969299
9969771
9971842
9973658
9974538
9975158
9975295
9975310
9978363
9978615
9978715
9979921
9981062
9984271
9984518
9984877
9987306
9988683
9989320
9989348
9990089
9990092
9990350
9994729
9996322
9996731
9999273
