49
1012
46 13 370919
10 23 498962
6 34 103659
22 35 385362
46 33 336289
1 11 399266
39 30 193045
42 3 260317
35 43 39989
30 39 226704
18 38 211076
16 43 292159
5 49 14033
9 39 131001
46 9 425056
27 21 40232
12 15 34470
42 1 147834
18 21 269509
48 49 12416
7 40 245010
8 35 412002
26 32 435775
25 17 449455
40 7 125635
6 43 332190
44 42 233783
44 31 198513
36 27 203020
38 33 224654
19 37 389881
45 43 331346
7 5 491449
4 47 361320
5 4 124498
35 10 416199
13 17 358350
32 28 367005
43 42 78040
38 26 122705
33 45 70718
19 46 326289
17 6 8152
28 12 17017
42 16 143405
6 16 350338
42 14 463653
14 22 115202
4 37 230982
48 30 161633
43 20 474044
18 32 175385
26 40 479093
42 35 264106
31 34 371954
7 43 195317
23 11 219328
4 12 99220
46 28 141743
35 43 172779
21 8 254258
16 30 456906
4 28 78448
30 17 494343
13 11 259278
13 40 154038
38 35 349415
15 43 82595
46 29 304536
49 6 22990
42 10 301750
12 24 459082
3 41 100469
18 1 185890
38 27 418976
1 31 294808
10 7 258569
42 31 296050
17 41 247495
46 37 177889
41 32 310877
1 10 300810
4 20 57437
10 26 346947
4 6 464509
33 34 103761
47 45 242782
38 15 48015
18 1 409348
46 43 165522
38 42 268775
8 46 137606
30 38 165254
15 46 294610
15 32 260691
44 21 422295
18 29 409455
4 42 497502
27 11 20712
8 48 396300
48 19 86814
1 20 142386
26 38 366982
22 23 460008
14 22 370967
38 9 474105
6 26 275504
24 14 391481
7 44 427614
44 40 203299
24 31 439797
42 6 433970
31 23 98434
40 24 51395
27 3 239067
39 5 34673
49 14 109442
3 29 44343
43 7 424860
19 26 3324
8 14 19674
8 19 374887
28 17 136421
22 23 308802
19 7 442150
11 17 213465
46 36 232977
12 11 274522
11 27 497608
36 31 277020
4 48 228897
35 3 393879
25 45 325784
28 36 131540
5 6 55335
25 42 483007
18 15 403670
26 24 499465
28 48 267289
46 12 70975
35 38 34498
36 44 293172
43 18 325874
39 20 237579
2 34 389318
27 32 198090
22 8 143094
31 39 155628
5 8 268906
11 42 241188
12 16 134860
24 16 41951
22 9 11473
10 16 219618
33 48 207212
46 28 244680
33 32 75489
10 16 338391
17 26 6716
46 36 18203
1 46 162729
36 4 498101
39 19 188765
40 15 254785
42 43 386138
22 9 494570
3 6 456702
9 17 431693
35 5 75310
25 23 182035
41 17 332527
7 3 301478
25 47 369250
34 4 481170
27 18 338413
49 20 78926
35 39 129003
30 39 109820
21 13 58745
32 26 455618
37 49 29684
43 27 442835
26 18 382321
33 42 10439
42 33 237735
27 14 111092
48 10 412142
38 45 482805
3 11 382128
48 40 338926
32 8 399213
3 28 85388
46 33 57969
5 11 88948
45 22 372727
13 14 196377
4 10 320707
35 10 186112
35 41 315255
20 45 102795
40 21 175955
8 21 334661
28 48 105884
20 35 163764
21 41 363717
25 39 48607
11 13 149921
26 16 93519
24 44 444594
19 2 197062
36 22 77079
33 6 434220
10 48 438505
38 41 199378
47 3 93771
18 41 314909
13 14 142691
16 11 411900
23 25 421185
36 20 321640
48 46 13634
46 21 386872
9 27 435220
32 38 275051
20 6 486819
19 24 67493
21 35 329032
23 27 372695
47 35 494873
17 4 350145
35 21 102330
31 20 151862
31 26 404757
30 43 213403
13 2 314177
43 48 193864
35 49 68905
44 3 273622
17 13 229208
10 23 177997
44 2 245685
27 40 428017
45 40 183063
2 20 216909
3 6 409828
49 34 174522
9 10 271381
2 41 246157
13 43 86411
25 28 312
27 13 33553
19 45 401070
30 4 153906
37 24 461904
39 20 120935
3 43 228910
25 26 143959
38 36 94733
8 45 231025
47 5 14447
31 28 66516
47 30 235990
27 25 316074
48 28 368424
19 22 163017
4 2 494404
17 7 273109
5 17 317909
31 37 223659
44 1 278719
10 43 266938
25 24 183935
13 20 359140
17 43 347508
31 30 81627
19 43 91276
1 3 218187
41 5 243593
44 49 336204
30 9 108854
35 9 377264
28 23 132584
44 1 351752
46 16 8594
43 36 13926
2 27 341215
21 37 485971
25 21 238833
30 39 19075
20 27 484529
46 30 123234
48 5 46464
44 14 184834
31 19 465067
7 14 475112
8 48 183512
41 13 20189
24 31 18879
32 4 278146
20 31 59958
18 4 168025
17 40 312684
35 3 206841
5 46 193446
39 34 121879
48 21 253420
15 27 256892
28 47 398970
36 39 44300
42 2 149199
3 27 371036
49 46 293838
18 9 479672
5 42 256706
43 18 376069
45 22 398055
25 11 251797
43 49 215083
33 35 270548
3 29 196429
18 23 456347
25 49 208761
15 19 303573
9 2 352042
3 45 140979
3 19 95757
35 27 149241
37 12 492266
3 47 128591
35 12 193575
13 34 266548
44 23 407723
44 36 478550
27 21 46044
28 16 382225
6 31 227395
21 16 166028
24 21 430175
30 32 136348
9 4 266077
34 13 267466
43 45 35567
34 7 112706
29 41 129187
30 24 279846
33 39 368717
41 31 319971
37 15 149731
29 37 432392
18 7 232001
23 40 201423
41 7 104432
23 26 316092
21 8 114711
44 32 185300
42 38 235507
9 47 150831
43 30 175474
25 1 315052
21 17 379335
8 21 376210
25 9 89782
1 38 447978
49 20 158661
17 2 94565
44 5 433332
16 45 227695
22 18 395700
24 18 433802
25 29 136086
37 38 384289
5 48 379550
19 13 81425
2 48 268643
22 39 184045
20 38 423901
2 42 130877
45 7 38405
30 2 257084
1 14 288160
21 40 322045
13 39 193609
4 29 266824
47 20 339182
14 44 451674
44 32 275323
28 43 131406
2 40 417924
21 34 163519
27 29 491976
27 21 336016
3 45 246838
40 38 52700
26 24 178655
16 7 144021
45 11 319408
35 31 254962
38 8 19511
40 44 480664
23 46 295972
24 5 94103
45 21 280959
4 43 249336
47 3 424348
46 38 168941
28 10 67978
4 16 302643
14 11 231585
13 8 250844
42 22 192385
41 44 282527
5 28 120215
47 31 415108
11 20 273472
16 24 283690
10 13 223173
26 9 63510
46 47 285989
36 5 186298
3 20 146971
19 40 100318
5 2 463763
1 10 54380
35 1 423710
32 1 54498
26 3 34887
31 11 207816
18 42 54636
22 17 331251
49 47 297091
3 17 333362
27 4 362275
16 36 291989
46 29 329438
11 4 439590
39 35 159121
11 26 371152
30 18 229400
37 6 435666
13 34 76391
30 24 152060
29 35 25477
30 3 423918
20 1 137902
11 25 28422
39 12 305384
37 41 133743
9 28 495668
30 15 269896
42 40 383450
28 38 166937
36 42 374379
28 39 431990
34 15 207930
19 35 347711
2 32 392942
47 40 448951
16 36 266564
26 42 27637
15 1 298707
40 10 451174
2 23 319679
18 29 252610
39 37 81415
27 26 391873
9 34 413800
48 42 234284
46 41 436508
30 48 333550
38 31 364811
9 32 122642
27 45 487957
34 1 10510
29 21 439922
23 47 218815
18 32 436280
39 33 235211
41 22 341708
43 13 86497
14 38 453293
27 49 350822
36 2 57284
45 31 449458
29 46 396515
35 11 448818
47 30 3300
22 25 263806
28 17 433388
43 5 251216
25 3 139621
49 35 393884
47 1 216291
20 38 457397
22 16 148363
34 3 313326
14 4 166245
25 46 14259
39 30 196417
9 45 478694
46 43 394215
46 37 349801
38 40 184440
11 45 278574
14 27 138976
34 29 337462
4 3 189696
20 45 226280
11 3 317914
18 1 222695
13 46 53248
11 41 2107
19 16 483116
40 18 367783
34 29 309570
4 47 129437
35 30 80599
18 20 438301
22 37 12618
39 21 170985
31 38 135082
24 34 128914
13 7 5604
15 2 254679
33 25 373569
3 47 254314
19 38 92114
3 49 366406
35 48 89118
22 4 192437
37 28 170536
39 19 353862
36 38 361113
21 7 244719
3 34 72616
43 16 227983
42 46 323915
42 37 404305
49 20 304755
33 9 6536
4 32 352401
27 12 395084
47 48 53624
35 6 27685
20 2 386843
19 46 394178
25 6 182010
21 5 402240
12 19 25207
4 16 362293
21 39 115865
27 42 345250
29 34 50844
4 22 385797
36 29 133866
30 29 417501
42 7 447777
34 15 373504
45 28 25829
17 31 54874
9 26 302789
26 46 186282
25 3 442194
42 46 245322
15 46 499375
8 19 235295
34 16 458263
49 3 33602
2 23 179748
48 23 388865
42 2 176210
15 19 118122
28 23 194739
8 14 139680
25 3 101138
20 25 199821
19 12 381664
13 28 425907
1 4 234675
28 21 481436
30 7 370601
28 4 483584
26 29 384652
9 44 394337
2 27 127287
48 27 45575
23 42 7134
3 28 270612
10 38 126392
25 1 18911
24 2 37758
45 8 110662
18 40 343003
10 44 326776
33 3 325320
45 40 159365
17 2 474790
46 31 65145
42 36 482709
4 10 102804
10 17 329022
27 35 220534
11 24 190071
24 49 430035
35 40 296496
45 15 116047
42 8 105771
8 36 171075
25 37 167739
47 41 327800
49 19 36198
16 42 292864
15 26 284223
41 9 378355
4 37 73916
49 28 356691
17 21 222812
19 32 107968
24 19 260090
49 1 131829
21 26 305935
7 47 219883
46 11 445994
29 2 111389
31 8 202214
18 14 358066
19 9 439724
41 28 160393
42 11 142969
8 41 224297
11 44 19427
14 22 227447
35 10 373420
35 4 192150
46 2 96270
14 22 207288
31 17 309833
17 45 218761
48 10 116444
49 3 227079
17 4 20616
34 26 303905
6 49 143018
17 43 367756
37 18 286476
49 30 384294
42 25 167819
46 22 427690
42 43 335929
31 25 273992
10 32 346861
11 20 384784
20 37 197410
20 34 240508
38 17 40457
3 43 471448
21 38 85484
45 39 375043
9 25 367055
17 25 228406
5 24 233651
4 46 45045
33 18 278888
25 1 272968
32 5 361528
14 20 170690
44 14 34199
21 24 442078
2 9 235166
14 27 437940
48 21 492932
13 6 79701
5 40 449013
16 37 306033
24 25 439648
12 24 220758
27 8 216214
22 48 189814
31 27 224338
31 20 33831
36 14 276659
37 13 445290
26 48 59494
40 44 207786
2 24 244183
22 49 186298
32 30 488599
5 33 81250
8 6 139069
8 5 184295
22 13 367461
26 32 33083
47 13 16879
20 5 344715
48 13 84763
7 22 183738
30 39 158063
41 28 341447
8 2 152290
41 30 142721
6 26 260285
1 36 14624
2 30 226383
18 3 69579
42 9 384879
34 7 282163
8 23 486411
33 16 24598
39 8 244575
46 28 306944
8 28 122836
22 15 9113
20 45 226136
6 36 344969
43 21 82736
29 4 89563
11 28 19857
9 11 349478
23 43 361800
10 48 331188
34 22 246827
21 34 433998
18 20 238119
7 11 416133
48 9 148222
35 42 353756
44 11 220064
7 33 474628
13 6 71803
46 47 400756
26 8 384402
10 11 12528
6 21 491212
20 9 65764
33 5 229453
19 9 382658
41 23 164724
18 7 33566
28 34 173889
24 26 336878
8 14 415234
44 23 499727
14 20 336181
14 35 424016
30 37 340557
10 47 232672
22 8 462212
37 8 248922
45 18 170355
30 4 479785
28 26 271237
27 3 446324
17 11 334427
13 21 238281
30 43 144787
16 4 424878
46 26 275021
15 14 462090
4 37 57006
23 47 207759
24 16 247124
31 21 366520
32 45 398581
12 48 125855
48 22 405409
34 36 29153
37 40 288268
24 43 84841
18 15 238823
22 18 282770
12 48 239969
26 18 4454
20 46 428775
37 10 285712
15 42 134700
44 22 235025
26 8 66234
10 4 465320
20 29 418990
6 9 320917
44 2 351320
30 48 447023
41 33 172191
22 3 190020
18 25 95259
20 43 432492
43 39 230293
30 22 288029
17 48 284892
25 13 10308
46 36 304102
6 24 69815
39 25 11870
5 19 298791
31 38 304808
40 33 184235
17 27 230962
1 31 96543
29 26 71229
25 14 223542
18 28 498512
14 35 176147
28 36 236818
48 35 234184
37 4 257038
31 42 11129
41 36 392372
19 48 87371
40 22 410973
29 2 322233
12 19 413916
4 34 219713
14 37 385519
45 33 138922
18 29 300365
46 10 117707
28 14 148010
22 14 266996
38 25 215725
30 31 136544
36 18 407611
9 15 140756
35 25 24321
25 9 368527
21 43 441668
7 23 168384
22 30 148708
6 39 437230
22 43 35659
28 34 387495
12 25 244208
28 33 357802
31 37 203444
48 40 121657
40 2 269719
35 21 367508
44 6 388971
15 31 214162
1 32 424872
35 34 472126
35 48 191240
3 1 295297
30 39 68325
15 7 82233
15 42 7724
15 18 478621
28 16 73682
32 6 161171
39 37 361403
19 7 74787
39 34 265998
5 7 11319
13 41 96191
17 49 186976
44 1 292173
45 27 238855
23 41 12711
9 44 497101
11 31 444180
15 36 341488
29 33 135032
41 15 180166
36 48 316309
7 31 429318
41 42 277345
44 40 228482
17 14 307704
39 42 255131
18 27 177491
26 14 280847
3 7 337179
49 38 121155
21 48 176687
9 48 151504
42 20 205250
16 3 236520
40 4 24868
6 8 469299
5 36 262671
37 36 495358
38 2 40653
18 4 35054
20 33 11398
14 5 335051
21 9 274497
16 19 483082
29 24 312944
7 45 301099
27 33 455543
45 12 334305
8 24 193693
29 16 278886
12 20 402482
41 31 34074
21 10 70220
8 17 198012
22 38 493712
10 39 50612
1 37 101832
38 17 355400
49 22 243167
28 3 457018
27 14 93060
42 46 322405
28 1 57673
3 36 396859
14 39 133395
27 43 292432
25 3 141401
11 30 221786
48 32 475382
12 44 118677
36 10 151939
39 35 102946
27 12 240832
1 49 79816
38 20 485031
4 47 189932
31 38 11872
30 39 225010
40 13 150703
43 24 152813
49 43 295522
34 10 489609
33 28 496995
10 26 469058
18 4 143327
21 12 21609
11 3 400630
2 38 493737
30 22 351771
8 20 54839
24 20 41063
38 20 260195
7 40 27352
18 35 457040
35 1 109624
37 46 318283
6 20 115176
25 33 249753
3 34 489343
45 43 375193
47 37 159316
14 3 42099
11 42 118888
25 33 452393
9 48 285034
25 5 207988
17 15 404777
49 16 12182
11 19 104288
28 47 226030
9 2 93456
40 18 179496
7 3 142320
41 46 223355
4 43 283174
42 36 293443
47 3 271701
11 42 3742
45 31 456471
1 49 319826
11 25 404242
48 40 389607
5 6 199870
30 34 278353
14 37 483789
42 35 419196
45 32 405898
23 30 184686
15 12 220187
44 41 158026
3 20 104567
47 33 363970
48 24 460553
46 31 499066
28 45 353088
39 12 432374
22 30 330208
46 33 219636
17 41 246759
46 2 436224
24 27 3756
44 24 353293
41 18 363643
19 23 237611
48 30 111303
45 19 252390
29 22 28034
29 9 406004
19 18 340720
18 49 85071
44 36 473001
22 4 469998
11 15 32443
38 36 465107
34 9 2876
45 15 142717
30 17 473955
28 40 314293
39 35 396574
37 8 472848
18 24 97845
4 30 61191
43 22 405891
9 14 273914
5 8 257641
13 29 218769
1 31 92149
49 17 8991
12 27 56773
39 4 149522
49 17 273586
469103