35
1457
23 17 167835
26 3 226864
34 16 476107
13 34 72357
19 21 285068
18 24 168404
3 18 407524
14 9 184076
9 23 123414
6 20 142501
12 17 120723
29 7 112588
9 13 76574
28 18 390971
11 21 69579
3 33 128527
35 9 98849
34 20 147398
31 30 190939
29 1 8565
18 28 208274
10 11 39653
11 14 290367
35 10 337853
16 22 136447
1 4 48719
30 5 449993
20 10 276854
32 6 404671
13 34 481424
2 15 1276
20 22 255771
27 15 113498
3 9 45627
21 25 54141
3 9 95634
31 7 155322
35 3 142745
26 14 430785
22 3 185036
3 11 329482
21 7 322369
33 8 11626
11 34 288469
26 21 76231
20 2 55729
7 19 446351
14 15 211432
9 23 273567
2 25 339319
16 30 411337
15 26 339551
26 6 353830
4 27 84804
32 28 231920
6 2 402846
12 13 372401
20 21 415593
6 28 358493
10 13 456809
12 16 151077
30 9 302956
30 22 156323
7 8 243384
20 18 241252
28 24 227650
28 22 53368
30 18 386715
30 15 110107
20 8 214436
9 31 337064
24 25 376254
31 15 61909
10 32 318983
4 16 150713
19 1 368661
6 29 488431
1 30 178089
30 34 288279
15 21 385414
16 21 248676
23 13 11572
12 24 331602
2 18 60187
7 19 373203
25 8 99315
9 30 360677
30 31 336077
8 23 475434
32 5 293212
19 31 341632
2 35 118075
14 27 372981
26 9 359504
4 35 182794
14 34 484931
25 6 259232
24 3 275316
30 25 81333
23 14 484494
13 30 406082
32 25 436287
26 18 441418
3 25 131592
28 12 470445
2 22 219074
18 28 70760
1 10 107039
3 12 192946
24 1 13756
18 30 189655
9 15 186716
19 26 122942
12 10 372491
19 17 54602
23 9 457270
7 30 67267
34 1 171388
32 3 424140
20 7 33525
1 23 59190
20 6 212993
2 16 174827
17 21 39467
5 9 293281
8 18 340433
12 16 180181
27 21 441907
34 23 13410
20 18 296956
28 34 283746
20 14 307830
32 7 231401
7 20 270092
18 29 64595
24 9 488017
35 33 426065
14 5 213938
30 35 24941
21 8 285329
17 13 119869
27 25 465735
21 3 316633
4 26 76981
17 18 122265
35 7 103598
28 23 164295
22 26 160333
33 26 124150
23 27 110919
17 6 303165
14 15 123298
11 8 386562
26 5 136393
19 7 51852
23 10 51512
26 20 334309
1 2 311342
3 18 16968
7 26 26260
24 22 402739
10 22 413103
24 27 452443
25 22 434317
30 1 243533
30 28 271871
13 5 315705
14 35 303319
33 27 438089
15 27 43162
10 20 304956
21 31 183871
28 12 243970
25 15 8558
31 13 129857
7 32 394178
14 12 422990
28 13 260705
27 15 431674
9 26 202934
26 9 130520
18 24 414177
33 23 146994
6 5 425311
12 5 482115
31 23 158586
19 20 84368
23 31 246734
7 30 365944
12 29 354650
28 6 159623
23 4 281900
7 21 482252
31 19 183845
11 32 483167
26 34 4734
33 18 329776
9 8 137011
35 34 100567
35 22 166699
14 8 45715
21 19 311810
20 17 205174
7 18 499472
11 27 71669
26 35 454572
18 5 115471
13 1 403046
4 24 111347
7 35 247048
20 24 259549
2 33 166127
2 8 263873
31 9 116643
13 10 315303
21 12 123083
29 27 251454
4 33 254165
24 27 147963
15 4 231886
5 31 207714
9 25 390216
16 18 13999
7 3 451999
16 20 53552
11 8 370073
3 22 351589
35 4 213234
18 27 117643
6 3 450402
18 1 94878
6 22 328965
34 25 444460
14 11 429291
6 33 212114
20 6 351400
11 6 33095
21 32 28076
25 27 458807
34 15 18891
3 28 282747
13 19 300143
19 13 89520
9 22 299897
9 21 327759
11 23 228847
10 19 301846
35 25 203852
32 27 423
22 27 374753
32 15 29090
11 31 394794
22 2 399571
9 19 256375
12 28 111240
13 18 463870
4 8 228550
15 1 69408
29 13 489856
32 22 176873
1 13 311516
19 28 255905
35 8 310046
35 2 368887
11 15 418858
29 18 357299
8 10 19038
6 30 362895
22 15 171899
26 16 154688
15 30 416782
11 9 99094
20 25 3636
13 1 307283
12 19 188608
1 28 25228
14 19 377457
30 25 160272
11 18 175296
2 21 55226
28 8 301504
25 5 228465
18 2 134052
33 28 183077
25 5 213043
14 30 266378
24 32 32902
30 21 64223
17 14 258980
28 23 127332
35 16 181919
6 5 29993
21 3 358483
24 29 309073
1 4 377195
14 6 320544
10 31 47333
8 23 318008
15 2 430184
10 28 342254
22 15 102260
1 2 347135
12 25 278698
5 25 462084
18 15 480918
17 14 315727
8 34 389862
32 15 391771
14 22 444467
8 2 348872
5 30 350258
27 26 214511
20 26 361205
35 6 483437
20 34 588
12 14 116314
21 12 184243
11 30 75946
28 15 382822
10 3 230949
34 13 423828
5 22 248682
32 1 39328
9 4 197601
12 21 334372
27 4 367679
11 24 155137
25 13 244590
21 31 114254
30 21 104611
32 8 85263
29 21 195766
25 33 379600
30 29 1972
28 13 276502
34 20 269449
35 33 109618
18 6 288341
32 31 99995
15 24 253234
3 6 245192
32 21 115955
9 12 418093
34 25 100296
16 24 49631
7 12 156880
14 12 266090
25 30 7853
28 17 276196
17 22 324452
20 8 237414
19 12 268186
2 19 147227
14 10 204831
31 27 428719
18 25 186429
16 8 269046
2 10 461888
25 16 22152
30 33 217063
7 33 325932
22 31 255111
22 19 115509
16 8 80570
9 12 13801
28 13 30729
30 2 253755
19 3 50617
8 13 410705
25 9 152623
10 5 171478
19 24 275543
9 7 107953
4 32 106931
3 4 493907
28 8 5358
8 3 421335
25 4 393560
23 4 123122
27 7 423693
18 24 370099
2 27 42595
23 27 240991
32 26 156577
5 20 183324
13 31 450103
11 34 172336
32 11 63918
2 8 161528
26 16 406976
16 13 107274
29 21 16157
28 24 98109
21 26 448621
10 22 46834
26 1 301233
34 16 435979
16 11 128507
9 15 299586
34 13 255921
1 2 423081
34 33 465130
22 15 275712
24 6 472007
28 23 32813
27 20 213444
26 30 127155
33 20 37531
14 17 369081
32 2 94379
15 27 175793
17 8 409378
15 21 22543
10 2 283590
17 20 488169
34 29 185138
26 3 70317
2 31 276493
15 4 37052
31 7 386394
1 26 307852
31 18 392581
13 6 86517
20 13 13297
19 27 82854
5 12 326367
34 28 194384
17 16 258011
16 33 303763
13 24 447207
1 23 399125
32 14 217170
3 34 423262
26 4 80349
24 11 338703
12 22 139528
27 25 486980
7 25 407889
31 7 310465
6 33 340025
11 27 477988
3 28 206973
6 26 290070
7 6 272619
23 7 222333
31 34 187091
13 34 483102
19 22 234648
24 20 402374
12 15 472028
14 28 47548
27 18 169269
18 2 455760
20 24 206222
27 10 463774
11 10 10228
12 2 235825
27 35 109864
13 33 231714
13 34 497308
8 1 63149
25 10 419427
23 17 166225
10 34 453076
26 4 399875
24 29 461110
21 12 473280
34 27 433202
8 20 484355
8 33 333540
4 10 265026
35 12 212787
31 23 115312
3 16 463446
35 6 140836
22 23 427887
19 31 470876
22 27 359059
23 17 404302
28 15 458475
8 31 98372
30 12 233462
18 4 365061
3 35 359867
22 16 232130
22 31 357134
27 29 144869
33 6 251823
17 31 359470
22 16 212471
23 12 371217
6 20 302681
32 18 179358
34 13 287579
9 15 367338
35 18 46005
7 30 139562
28 27 38173
11 23 381353
31 11 215936
1 27 119959
15 10 220440
10 5 65450
32 3 450283
33 25 354559
4 2 445872
7 17 270153
27 29 306286
28 31 134118
7 8 256277
16 13 160995
32 14 98016
5 9 487848
3 29 202736
1 25 401883
2 24 485502
21 26 247710
5 6 133763
35 26 38562
29 31 472439
6 20 111905
16 34 309512
11 3 180121
17 14 477701
16 27 292571
5 23 472578
23 21 454149
32 2 184314
15 32 133481
26 17 344112
27 11 27438
8 9 487874
10 23 423554
30 6 335580
16 9 70565
26 11 417864
5 11 148734
32 9 117409
12 23 313251
33 3 476225
12 15 337639
26 10 143520
17 2 399413
26 17 288172
9 29 399424
6 7 467784
31 17 41916
19 32 94779
20 34 266141
24 11 169512
4 26 494856
4 9 262786
14 28 492855
3 17 334619
15 26 19578
20 32 300246
25 27 25472
27 33 489586
12 26 173264
30 3 474918
16 34 300242
29 26 318891
20 3 249680
11 9 426529
13 18 105497
35 25 224512
33 17 255063
24 28 491932
25 5 248880
11 30 215342
6 9 246423
3 21 430925
14 15 210166
26 7 30091
25 10 398339
34 14 47494
26 24 51622
26 34 451561
31 4 66272
34 10 311631
35 24 454851
24 13 482144
5 33 373286
15 14 363286
25 10 217480
22 27 453558
21 9 95956
23 15 9285
2 19 285632
32 16 392011
9 10 198085
10 4 402285
10 34 166549
10 7 323589
32 23 460277
8 12 201162
30 22 117631
27 8 256119
8 25 73725
18 11 465368
1 31 24568
31 27 32200
33 31 366040
13 7 92774
3 12 384772
3 30 325883
9 27 243460
30 4 91030
19 31 13584
22 2 127651
32 23 425495
32 19 243112
16 32 475583
26 20 494362
16 14 306175
5 19 136345
21 14 429118
11 20 439680
29 17 316159
1 33 74069
31 19 21082
24 10 494392
22 17 422676
20 14 356954
11 5 354398
13 2 102679
12 21 412070
12 5 205444
6 2 229537
3 19 386175
7 13 181975
23 32 156824
25 5 109702
34 6 368895
16 17 23666
35 1 267220
35 16 184981
6 22 140383
32 24 44975
21 11 459079
19 27 80169
22 15 159926
16 34 330893
2 4 19024
32 17 305121
29 35 396255
16 17 383560
11 2 440696
9 6 250382
31 4 41061
25 9 355545
31 17 325412
14 8 315705
17 33 307498
26 34 5471
2 3 351787
19 23 481790
27 10 198535
32 4 263874
16 12 166816
1 31 370498
23 8 64982
12 19 187675
21 19 293095
21 19 80964
6 3 403030
3 8 371873
18 26 485269
3 24 470232
18 17 128684
15 20 462894
9 7 13712
13 23 406684
7 4 239161
14 4 489692
24 26 211072
10 29 397856
32 29 231740
3 35 19891
19 4 460716
2 28 277360
24 4 166431
24 26 342186
5 23 58645
6 1 363280
14 25 40897
8 13 454414
8 2 211516
21 23 399989
3 12 442470
19 17 205473
24 25 469288
12 8 196858
1 23 85105
30 21 433593
13 31 109534
3 1 262961
20 23 466695
21 29 110690
4 23 417225
33 9 442250
19 23 157416
15 28 121983
6 10 332756
7 20 243437
9 11 302804
28 15 206867
27 12 369519
8 29 60756
27 3 198995
5 25 397176
15 13 54606
17 22 311395
30 31 402139
8 19 262246
5 2 311884
18 26 405919
2 18 48841
14 18 97705
1 8 492929
34 17 57164
3 2 107831
1 26 448273
25 1 233212
15 31 283070
8 16 182823
6 8 99537
28 11 24854
29 31 464509
21 16 356220
10 20 55239
6 34 146606
22 9 32690
21 8 219938
5 19 44539
5 14 35072
20 34 446643
4 13 176739
27 12 98365
25 3 131758
6 29 277373
35 28 97743
15 22 236622
35 24 438304
10 34 3910
2 30 445254
19 13 304048
35 13 115606
2 14 25650
35 34 36357
24 22 4159
21 20 254808
17 31 33891
6 7 214347
25 15 43882
25 9 19589
29 35 41160
26 7 397383
10 8 229506
6 31 316973
2 4 212729
33 22 469087
9 31 227740
32 1 64401
31 17 463813
25 22 322561
30 33 157341
23 18 96167
27 30 69274
2 31 317728
29 10 338719
30 19 285299
32 15 285355
21 28 280870
13 2 132469
7 10 127976
33 4 322720
4 7 494476
35 34 206828
22 25 136031
29 15 447847
4 5 451857
9 1 201328
14 26 23884
20 35 296292
6 15 207187
15 31 60853
10 35 101918
8 22 102590
27 31 492332
1 33 102290
7 14 42616
29 2 420652
19 20 87265
10 12 52359
13 1 282940
22 26 66427
2 21 416680
20 24 61496
2 28 421921
22 32 248539
29 8 58970
18 1 300191
5 3 37790
29 26 257659
27 8 42477
34 24 88602
10 34 231801
14 20 148464
8 27 264521
8 16 134856
26 21 169296
29 35 350009
4 32 409964
35 30 438830
11 20 448066
15 18 379458
26 4 383023
32 30 365367
6 15 346612
21 5 150400
17 30 203369
22 14 224172
23 16 230878
34 4 283913
23 7 181694
35 28 425908
29 28 47706
29 31 315448
2 5 9094
32 31 414794
25 15 303466
19 3 279521
23 7 213582
13 31 25795
7 6 240696
26 21 108018
30 4 177482
34 15 76578
2 15 499127
8 21 241491
26 6 416827
18 11 155940
16 35 477832
13 1 261941
3 9 188401
15 25 478825
17 4 234228
28 21 53770
34 35 375548
27 1 442972
13 3 457138
31 24 431583
35 34 180910
15 34 435916
32 1 201692
6 1 290387
30 29 194176
13 6 32736
7 17 454613
25 34 41167
15 16 491976
6 5 282660
11 3 322803
12 22 260630
11 30 281529
31 18 111169
16 30 425229
25 21 259560
30 19 34099
7 25 255833
18 28 158205
34 17 136781
28 7 163968
35 9 485120
23 10 214672
15 16 442739
30 5 264779
30 20 285406
13 22 158072
30 7 417832
32 29 202165
18 28 394009
30 24 76090
34 14 357679
7 24 98424
13 33 171845
2 19 196095
16 20 338144
10 29 174595
17 11 1339
10 34 377704
3 21 75584
32 27 312828
8 16 346485
13 19 328628
28 21 412472
15 18 35072
17 30 118229
29 7 329312
6 24 78571
21 26 318701
35 33 444786
18 26 472504
2 31 354438
2 12 468190
1 26 108487
14 31 285434
21 9 270872
4 20 293675
33 4 149418
29 3 178438
11 10 48336
2 22 71981
25 8 52122
26 9 174623
35 26 213926
8 1 421613
23 15 479833
29 21 87445
23 9 425727
35 32 305595
23 16 159361
8 3 476406
31 23 256133
4 28 108823
14 28 199620
9 28 186487
27 19 498106
13 16 179335
5 1 454720
15 33 394250
33 34 110858
32 12 189267
16 15 78422
15 5 263221
3 1 313909
32 18 242
27 3 89620
11 19 346196
7 19 394983
22 31 422617
16 24 494564
19 33 274845
19 20 342839
30 17 271266
17 6 466095
21 14 483679
9 1 255933
20 4 470969
29 7 156143
1 3 63746
27 34 238984
10 9 26653
30 34 467018
18 17 299843
30 16 52348
27 10 431984
25 1 97385
33 5 348516
2 10 41914
16 23 2665
31 29 340129
7 2 353758
21 5 883
27 35 290491
10 24 352670
23 27 135201
16 19 185568
5 17 379887
19 31 62262
21 5 403629
19 23 158225
21 18 63720
12 4 166670
11 4 455071
31 22 163845
7 32 391869
27 4 175409
10 9 402659
16 19 90540
23 30 446257
13 23 330484
17 34 345864
32 8 170983
21 4 112022
28 9 144157
5 4 455813
14 25 43123
4 8 312519
29 3 376307
10 16 387642
34 7 418136
19 20 332486
15 13 293548
15 30 71922
3 22 319222
7 5 83203
4 28 423087
28 7 378147
14 18 133950
30 4 465863
1 12 166411
33 32 454910
16 27 174590
29 3 367765
4 32 281027
1 19 408963
22 23 429829
11 6 375679
22 11 275198
1 24 125476
16 5 490079
30 25 300049
19 9 115309
31 22 88655
25 31 192522
33 17 192377
10 27 43359
20 7 220487
14 29 279222
35 33 182100
3 12 284041
25 6 492197
29 28 256628
33 2 194054
28 10 416941
9 34 19396
16 26 413619
35 21 47784
19 25 269198
10 2 277923
5 17 260308
17 10 313062
3 25 495150
31 26 19800
27 25 352311
13 7 358165
32 1 323278
24 5 259374
11 5 497345
9 35 457897
35 34 181931
35 15 375615
1 2 169079
11 3 97291
35 19 318649
19 34 103693
4 30 351841
34 32 483971
4 10 91383
27 19 425593
19 30 187977
2 15 460843
29 13 353270
6 33 392025
11 24 26498
31 3 114941
18 14 315849
13 9 294204
31 1 329878
3 19 60413
34 9 41118
9 25 8123
21 7 412061
15 18 401225
9 15 1222
33 18 420618
21 30 115849
26 34 120361
7 22 203129
26 23 260758
5 1 79200
16 28 292984
2 1 362326
9 20 383552
9 25 422377
4 33 282036
10 8 257168
29 14 296773
24 10 98159
19 25 84857
1 31 78866
6 32 93727
33 34 1610
21 29 373291
18 29 466194
8 23 255623
17 24 102759
27 3 166352
28 15 407292
27 34 424842
32 20 212273
26 32 357
4 34 244849
5 29 233738
11 23 339097
20 8 402186
22 23 474025
19 2 401043
8 28 210265
15 3 390785
14 21 462242
29 23 73169
17 15 283713
26 10 61635
3 19 63260
35 34 481601
3 21 321163
34 8 202642
29 28 488806
19 13 480174
6 8 343433
1 21 160349
11 3 117208
6 27 414993
31 14 43140
9 35 173072
3 13 209971
30 28 212036
4 19 169094
26 33 254884
23 33 211302
12 5 125993
19 4 158920
3 9 241456
12 3 29029
17 21 6180
15 1 363808
28 32 480117
8 7 124578
5 7 365035
21 14 179284
18 26 358784
5 31 457529
4 8 165665
1 14 71292
2 24 468593
24 18 89189
19 6 83485
1 16 211209
24 15 158537
19 7 406312
13 29 323608
25 32 386139
10 27 421237
1 9 36288
20 1 176113
9 34 145452
18 15 262144
31 27 471539
8 4 72489
32 5 39072
30 16 270414
17 8 353034
32 12 92318
4 1 185280
3 13 82232
34 16 411294
14 8 258865
16 1 58168
21 14 215092
33 19 220721
34 20 424664
30 5 159956
5 7 288985
27 32 439061
28 24 65512
3 30 233953
18 29 183888
28 23 386309
27 3 126902
35 34 434929
19 2 269929
25 15 34693
6 2 188976
24 22 365543
17 18 36598
18 16 44180
33 28 55041
34 13 474620
16 35 386187
13 28 269377
15 35 129120
23 25 91503
12 7 72879
4 27 184791
17 2 283723
18 9 43923
20 17 417220
24 25 427261
6 26 120110
4 2 111232
23 7 289227
23 27 156324
20 18 140510
11 31 2026
19 4 25521
1 10 196131
29 26 118372
26 17 280810
18 35 119732
19 1 88047
26 34 497120
22 9 187393
13 20 25255
1 26 98056
14 35 394524
29 5 184874
1 30 366604
20 22 89780
4 14 431449
28 16 120550
7 24 143946
26 28 7758
12 4 5138
10 21 219274
14 31 366561
17 7 301957
23 33 286114
7 31 352736
16 13 59663
12 24 120531
1 9 262460
29 22 287884
25 32 301264
18 17 344432
21 27 459468
15 23 11610
24 15 362583
6 28 131247
10 27 288079
23 19 343296
24 11 31786
6 35 483117
28 9 210992
25 13 9892
17 5 331794
31 21 126818
18 22 184812
23 27 380665
1 32 120333
27 26 260422
6 30 336778
30 19 155437
11 27 255725
31 19 440241
29 4 213141
27 15 446614
20 25 60023
13 22 139149
19 1 160971
16 25 279180
27 22 56214
34 4 197709
6 17 415399
19 27 380412
35 22 333513
28 9 220363
2 20 184590
21 20 463960
28 6 168870
32 13 442807
35 28 239168
19 22 49872
9 23 426913
24 11 358619
8 12 317096
6 25 325336
13 15 467508
20 22 257445
35 28 95846
34 27 6264
32 21 226014
1 29 69857
7 32 256351
27 28 118408
27 29 444506
6 7 327862
4 2 302153
30 32 37487
19 12 330431
35 9 176859
14 2 295449
15 24 160901
15 1 480219
2 29 128871
27 11 420275
30 9 293769
16 30 384705
31 3 401914
14 25 295864
11 10 239708
2 28 231229
33 5 250671
8 25 486799
15 34 428197
34 8 312006
4 15 109246
1 21 274865
15 29 323533
22 16 453432
8 5 380696
28 14 231942
31 23 403138
28 13 256163
10 28 313094
10 34 37539
6 1 197942
24 26 489990
17 34 288465
7 6 249320
34 3 326227
3 24 98279
26 30 19009
29 17 325797
16 22 351026
11 16 451458
15 28 173492
20 34 326961
10 29 301142
13 8 364233
7 11 120583
33 6 372313
5 3 337087
29 15 315558
10 35 170395
4 3 330315
13 29 145543
17 6 230864
34 23 242182
33 31 15359
16 14 224180
17 28 199520
32 22 451021
13 2 346663
1 4 260250
9 11 55791
20 10 258476
8 17 347837
26 10 340395
25 13 381304
24 26 359043
13 31 367264
3 7 25001
2 8 361569
4 23 440574
18 20 54546
20 31 382378
32 20 489698
32 17 471824
9 25 407083
4 35 450973
19 12 150804
8 6 192311
26 11 22571
35 18 274550
24 1 30250
32 5 435007
13 15 420
31 3 305586
24 15 201939
3 35 444410
2 26 375001
19 35 21051
20 7 463119
8 5 233374
11 4 206008
26 15 269341
32 15 323126
3 33 488435
16 25 376736
25 23 5607
35 6 216584
18 12 221248
35 19 3514
32 20 259322
27 31 114898
30 19 422716
24 35 443667
28 33 111731
6 30 357988
35 6 296155
24 19 420015
30 32 336395
24 10 484488
1 19 107483
20 5 120070
10 31 142439
1 8 320072
26 1 365910
13 12 496404
6 1 111462
22 11 388732
5 25 245116
24 6 440135
1 17 88651
29 2 166289
26 1 413542
17 35 432840
18 26 22
34 16 454644
35 34 57010
9 11 270935
17 22 486491
23 4 65309
26 32 156278
17 7 109134
32 25 329785
8 14 342314
9 15 24610
22 33 162948
13 14 245817
12 3 43768
11 10 189258
7 6 341373
30 2 369251
19 3 343026
12 7 367846
27 35 165356
13 21 152692
3 2 276459
7 2 293898
5 22 27405
35 1 392489
2 34 229596
4 26 50503
7 4 412437
21 35 292610
6 33 430047
26 23 267637
18 22 210480
3 25 381681
17 30 380464
35 34 412948
11 29 22523
5 3 160094
25 20 374938
33 23 359250
22 13 408587
24 15 74579
2 17 329617
16 19 229692
25 13 53010
21 17 357336
26 15 430770
16 32 273688
24 22 42661
32 34 290614
30 14 79503
4 10 422939
27 28 317200
9 35 194280
2 34 65691
33 32 194025
31 24 135059
24 16 44455
105546