33
1673
4 11 438786
28 14 110138
17 8 468763
24 6 8438
8 2 491244
30 14 155433
16 5 11863
30 17 298507
1 7 323486
22 17 340549
1 13 215330
11 25 186256
29 7 308211
32 26 348243
5 3 92297
15 17 410779
17 26 40936
25 18 270858
19 18 41667
20 22 151410
9 1 81027
28 16 381478
2 31 402745
17 21 203913
11 12 199041
10 19 115459
20 2 235108
25 3 265592
27 9 205385
19 1 492386
13 12 474084
13 19 80022
28 10 136590
2 1 283514
5 11 157699
10 28 327430
10 13 32120
25 21 77341
21 14 238590
21 11 200894
12 11 117738
1 9 43089
5 17 218522
12 25 79027
17 16 434977
19 1 398349
22 20 264229
9 16 418091
10 2 230002
4 26 360650
8 15 26829
18 33 125241
10 9 8755
28 21 424470
21 6 91431
29 16 324622
27 16 480270
9 14 274435
12 19 117277
6 20 208236
14 20 47689
17 5 233485
7 13 303938
4 25 256641
11 20 395817
5 8 437381
27 28 356002
7 17 267592
27 3 485871
27 6 118829
17 7 458657
28 11 144477
12 22 23103
2 33 266709
33 20 379259
26 20 170213
1 16 215861
14 8 364832
26 1 497216
9 33 241501
14 12 111128
11 10 345825
22 15 216426
23 9 278973
32 4 142363
2 24 14368
9 14 173171
10 5 244027
28 18 111286
18 19 255286
17 25 408326
9 21 284748
18 29 293334
27 2 31021
17 4 418335
27 18 398665
30 9 255156
26 33 392361
21 7 146770
32 2 320143
20 11 307195
31 7 165126
26 18 131483
11 6 75608
13 5 374919
25 23 279894
23 2 13326
4 14 180765
29 22 388130
3 25 323320
6 20 149132
21 30 448707
9 22 97696
16 17 35696
23 17 296506
1 28 152349
3 10 194971
22 17 20287
21 6 217623
17 25 190362
30 3 468463
8 29 442115
8 2 488811
21 29 80617
24 21 288263
33 10 423535
22 3 157614
10 12 122041
30 18 173243
14 19 488625
14 9 254750
32 25 405830
17 4 146549
15 10 247327
12 17 81973
5 7 424236
7 23 311553
24 13 388411
10 24 466983
22 6 217990
1 29 376864
17 15 364870
23 26 111419
2 9 275567
13 32 213636
19 10 494559
8 15 50160
8 10 192783
25 29 89153
22 4 217669
18 27 315264
13 1 331206
31 8 206820
2 25 375259
7 20 53187
20 16 123279
8 4 211148
12 30 174365
22 23 356270
24 33 325567
29 15 348289
24 32 257611
3 33 496234
24 30 338576
13 18 425413
2 7 287150
4 3 283194
26 1 117705
16 25 407250
11 12 251460
21 25 348137
5 14 47793
2 32 420470
23 30 53432
18 27 294592
8 27 375589
9 23 222584
15 29 282494
22 20 27129
33 18 201248
8 3 82546
30 28 357518
4 19 324710
7 3 266091
28 9 118318
5 28 217550
14 3 336192
13 23 265839
25 18 385026
5 6 137815
22 6 463299
11 22 65884
20 12 453355
31 8 478595
11 27 208577
23 31 355227
18 33 342497
16 15 418888
24 8 190481
30 5 376879
12 33 14718
12 2 370413
27 4 133264
23 5 485487
21 32 427419
31 19 181521
31 12 354144
23 9 404565
33 9 5175
18 20 25212
6 16 336209
20 29 352853
9 12 487390
31 25 199717
28 19 453607
7 9 349008
25 15 355922
16 8 104144
7 24 102522
29 16 472195
3 23 424483
23 4 460131
28 3 403749
23 15 120546
4 6 267477
23 10 384555
4 26 446552
10 28 72239
23 32 266944
19 20 186498
22 27 316069
9 23 287539
15 9 228869
24 22 313843
20 15 124176
22 7 402786
9 10 73160
22 24 489580
26 31 386787
7 2 287957
4 23 383772
18 10 45655
16 2 7795
29 4 129382
15 27 428638
16 12 254726
24 30 335998
23 32 321820
9 4 361017
24 11 291536
28 11 381659
24 4 456876
30 9 175334
29 10 160381
1 4 108497
9 4 394097
27 24 487221
12 24 227510
10 9 414160
11 6 20641
5 25 194435
16 30 382890
3 15 160375
25 14 385190
5 15 111513
8 26 187480
20 32 257675
13 5 411543
2 15 118705
11 4 434084
29 27 190699
9 14 164440
21 22 339641
21 6 130488
10 19 328677
1 29 80714
14 20 75496
7 11 2021
7 25 206116
29 33 69056
32 25 301483
16 21 7948
6 22 470046
16 15 266104
15 33 36007
16 23 430139
22 29 205467
8 6 100997
19 16 68562
12 21 479486
11 2 150118
5 20 74726
24 13 385759
16 7 112195
1 7 256148
30 28 305750
9 15 123414
14 29 155459
9 31 255654
29 9 134708
33 11 368723
13 15 280189
6 3 120966
32 6 49579
20 16 331024
31 24 76246
20 27 214589
27 18 37152
2 14 471023
15 26 466351
20 5 450317
28 31 432482
17 27 45960
13 7 446519
19 27 221045
3 7 50420
17 4 270258
27 23 105257
25 17 491265
1 24 22163
8 26 496331
9 28 289250
32 17 365802
6 31 109773
9 18 490606
7 17 294750
5 16 282373
1 4 84339
24 19 418135
27 8 468450
29 7 265036
1 4 472989
11 31 88893
1 25 63203
19 10 68081
1 18 463972
17 7 310394
7 29 272503
9 21 188044
33 23 495601
13 24 419007
22 5 222097
28 19 408160
31 12 318228
8 10 361798
1 7 40428
11 27 72369
27 4 390437
10 15 433103
13 25 337177
25 33 379449
2 18 241473
4 19 353859
9 25 10096
20 33 289660
8 9 238848
25 16 201531
14 18 187193
1 7 238526
31 27 26440
18 32 291915
27 29 12128
5 23 279354
19 32 48656
3 32 180375
21 10 265280
28 23 266995
12 25 289315
22 26 73848
11 24 337553
7 8 166932
33 10 265110
20 26 337982
19 25 332955
29 24 279789
18 30 264805
25 20 117880
12 32 187125
20 16 407626
20 30 158442
9 17 171768
27 25 99800
27 18 233164
3 21 119726
1 8 237762
9 17 128859
18 16 341672
3 31 396830
31 17 468047
28 13 146981
31 14 70393
6 11 240178
20 11 39920
23 32 325282
15 14 437053
7 9 221670
19 31 105317
3 30 470391
20 17 300580
2 17 132758
16 12 350309
4 21 60711
18 30 17997
19 8 248076
6 11 39321
15 12 77463
3 25 338606
22 11 213423
25 28 106599
26 10 404303
18 32 275257
26 10 158729
30 28 47889
8 2 148502
12 8 45905
7 4 454063
25 13 306131
20 32 302960
26 13 197913
20 16 437253
25 29 226555
10 9 42181
32 12 125518
2 19 121737
27 31 279338
18 26 333610
19 4 442823
14 28 210173
3 14 378896
27 9 494459
26 13 241216
31 24 305534
9 4 179034
9 31 436802
14 18 457305
20 27 62684
15 24 274072
25 21 132695
27 30 81633
6 33 230171
5 7 153062
21 4 380822
25 28 403928
31 15 366918
17 30 331056
29 4 435893
10 4 100271
11 24 308057
31 11 23479
24 9 225534
25 2 158406
27 13 15512
30 20 39739
5 11 115724
28 17 376072
4 21 210836
28 12 439141
23 28 431510
2 9 177903
31 12 7246
32 17 201984
22 9 345912
24 26 241416
6 22 207762
28 3 203559
26 25 102930
3 9 27649
20 13 170780
20 26 214560
15 11 378126
27 21 425886
33 8 155486
18 8 326269
26 16 13817
26 16 220071
33 28 228308
14 15 76654
29 23 80894
12 2 170441
14 28 489670
1 20 466653
25 23 362113
14 22 438682
24 7 83817
21 1 321989
15 25 146376
28 13 427915
25 14 380737
21 25 348648
1 24 327114
11 33 297138
1 20 392947
27 4 327144
6 1 314875
5 16 113782
26 2 132235
17 5 456317
12 27 68630
1 8 143734
20 15 83635
14 3 46528
5 7 244474
27 8 164453
22 29 258712
31 4 183476
3 14 403134
31 13 149302
28 16 246901
29 20 25928
11 12 229894
29 19 78853
20 16 160286
28 6 198554
10 32 370211
5 22 69536
14 32 13397
22 27 426896
5 26 341816
4 28 487870
4 27 384779
23 29 365207
12 13 454112
17 30 449051
18 30 471740
18 23 444647
9 25 62135
15 26 260394
23 31 247793
19 29 18897
25 3 307966
25 22 390464
14 2 316555
19 11 260934
23 26 105016
13 22 134682
1 25 75589
6 23 381409
32 3 302521
2 28 124083
4 15 291043
24 33 110075
13 26 439029
18 23 169244
5 16 375179
23 1 32315
16 15 106675
30 24 34203
18 17 395872
26 32 217121
4 1 388671
28 18 102447
25 23 207612
31 13 130131
31 3 392917
16 5 473941
26 17 390542
18 28 393664
29 15 260196
33 14 166894
11 18 180073
17 1 156826
25 16 68417
10 13 112846
13 11 246536
32 8 390147
15 6 254865
31 24 191803
6 18 226204
2 13 147399
21 9 303994
31 25 85428
3 27 284166
18 4 320170
13 19 216379
3 31 228112
29 12 286877
19 25 158908
13 27 294402
22 7 289531
26 9 103366
24 3 23527
8 31 377790
5 9 280993
15 33 31613
2 29 178745
5 13 164957
20 28 86186
22 13 9908
27 1 235288
26 27 215278
31 23 37734
23 33 483542
33 8 255047
29 32 54809
17 18 464575
24 22 212606
8 27 391141
14 32 148528
3 31 371655
33 10 14719
33 28 493321
28 10 394607
21 33 354912
19 11 138367
31 30 346185
31 20 476909
31 6 183962
18 22 250090
25 32 108010
6 1 112300
24 23 288700
21 20 28355
9 12 60910
10 11 201498
22 20 224572
24 33 298032
6 8 149804
28 9 260639
2 18 101254
28 13 486540
3 33 308111
31 11 75546
26 8 92736
31 15 428744
29 30 300537
25 4 343488
31 32 377962
21 7 283454
9 24 434014
14 15 296140
26 13 21328
3 18 154473
6 3 241647
19 32 138765
15 25 160921
14 1 228993
10 7 4296
12 5 272798
13 3 372741
14 20 360822
27 33 97969
8 26 175750
18 30 464015
4 25 246947
9 17 83598
24 19 395640
12 24 166389
19 31 18136
9 19 63135
20 14 149467
4 6 28816
27 1 453139
5 28 17338
20 23 398318
22 19 67790
22 33 318685
10 4 21073
10 33 7348
11 8 341227
1 33 44336
6 17 174737
8 29 336222
23 15 57867
25 14 278148
16 31 94011
17 7 82393
14 6 50245
5 21 372861
17 31 455885
25 15 111251
33 13 96729
2 15 457491
20 2 310305
15 12 108214
10 25 126263
6 26 72811
30 14 80637
5 28 112787
24 22 377642
19 10 105393
28 17 278434
6 16 249134
12 29 67461
21 24 18513
5 30 263681
23 8 182587
8 24 410361
10 11 285775
1 13 10382
14 18 216141
13 11 201919
26 14 29803
1 32 91307
16 20 202766
5 28 380819
21 17 269775
29 8 199988
32 19 216926
32 25 319023
9 21 194330
8 3 111258
22 15 9333
1 32 498145
7 19 498795
6 15 265775
28 4 31643
23 21 472183
12 19 460098
3 22 30751
4 1 109486
14 18 180469
33 5 472200
22 25 485089
31 7 247090
20 18 128119
13 11 342235
6 19 89871
10 19 205115
7 9 52242
25 20 198413
4 21 33676
6 24 209037
21 17 299269
17 11 69263
16 12 165581
23 33 64794
9 15 393820
1 18 314186
33 28 365268
23 25 138563
16 8 441627
33 32 429980
29 6 395972
10 13 231228
5 26 458331
20 2 284451
6 8 87157
2 12 441066
26 33 388625
15 3 395447
5 17 237292
1 15 44129
12 18 364719
6 9 114365
25 22 23937
1 11 473160
24 20 183116
8 29 19818
27 23 276051
22 25 15301
32 3 226077
13 27 454761
14 24 171899
27 24 114046
32 3 136017
3 29 340257
33 18 231891
12 20 127675
29 10 310589
2 31 80378
6 22 472287
33 22 460830
6 17 102077
20 6 3688
24 20 276019
24 12 381265
12 31 112337
25 22 171293
22 28 776
7 12 417005
28 20 44247
31 27 82000
17 22 104211
33 26 48451
9 20 123498
33 27 243373
3 30 221474
6 7 100861
11 22 276176
33 8 489324
33 24 157259
7 19 431783
21 7 188288
17 23 218953
22 5 203347
7 18 277479
25 6 336032
29 8 448897
27 20 231815
1 4 165658
14 24 240748
22 9 472626
9 25 26099
31 30 458969
31 9 398908
29 13 451938
11 5 216162
10 33 162421
3 9 120845
17 13 309231
32 7 239232
13 7 305770
21 26 228255
27 33 355822
13 19 142726
20 3 88360
16 13 417457
31 8 466019
5 7 420750
26 28 439559
23 15 316577
20 33 363562
27 14 337753
26 14 157550
15 8 268865
26 16 455460
16 7 18189
26 11 476693
6 9 282536
33 13 415348
33 31 98868
1 30 18553
5 22 141798
23 24 128787
15 29 13123
5 9 48298
14 30 279345
2 12 493284
4 27 319652
12 4 214492
3 16 224470
4 7 441340
10 30 361674
24 12 216666
9 30 398519
23 27 436485
19 24 445206
5 2 483847
25 11 213367
31 18 350454
32 13 456795
30 9 232673
22 8 420278
12 16 364647
25 9 412850
28 32 320401
30 17 29743
22 16 259242
25 20 255197
1 2 318059
22 6 472018
12 29 428317
8 27 229643
29 13 188746
9 11 47477
20 22 292860
8 17 259930
24 33 492682
29 26 464072
29 12 222977
4 30 252490
5 17 102061
13 1 24913
6 16 222004
26 16 466069
7 24 173904
21 32 91247
17 16 455949
6 23 227907
13 24 235872
25 2 356590
20 18 195366
16 26 171603
17 25 394267
9 22 260177
23 10 68533
25 18 105954
19 33 538
8 31 128863
5 30 42260
33 23 435106
4 32 357311
29 2 306906
30 26 158209
17 10 372776
9 15 353234
28 30 35872
29 8 414403
17 23 172047
23 20 116041
27 15 281166
27 7 60766
2 30 169301
2 23 117654
18 2 308693
20 30 192545
19 16 220010
16 33 181930
10 16 405692
18 13 450561
12 1 212058
22 26 222293
14 22 224766
30 14 372651
29 9 312483
21 32 347091
18 27 143634
24 32 227210
18 10 473687
6 22 15518
32 33 477832
13 21 13328
1 8 213402
33 30 117983
7 10 85790
13 23 194161
25 29 329564
2 4 309960
12 16 182076
16 2 59064
11 21 299179
17 11 339404
18 27 15528
31 13 63184
20 22 420559
1 23 309934
11 27 196187
22 21 440958
7 22 37254
14 33 104048
4 21 186778
32 21 262818
13 20 482152
26 16 189600
14 7 86374
21 8 348614
16 20 192466
21 12 420159
13 7 425754
11 2 181625
8 9 418343
18 8 17017
18 4 436241
23 13 442219
10 15 259250
20 10 363070
8 11 149042
14 19 200590
31 24 307315
33 16 63901
17 18 230081
12 20 227695
11 19 389663
6 25 145322
25 9 448328
13 10 23157
18 9 215931
31 3 359723
3 12 236521
6 32 196025
23 3 361535
14 20 414610
30 33 165104
33 27 332994
14 3 89383
10 8 43205
26 29 470768
11 12 102957
26 24 146593
11 29 375410
22 2 454322
15 4 207166
20 1 237327
5 11 237566
17 31 281770
7 30 342696
24 8 255618
9 17 41907
9 3 366040
2 10 60923
24 23 325609
1 21 391624
18 16 131782
4 22 393376
6 11 281430
20 7 145550
18 28 279358
27 14 323411
18 23 103973
14 5 373497
11 1 451353
33 23 32309
27 30 263929
4 27 381116
28 8 246779
14 7 314539
30 10 159939
27 24 363031
17 18 344406
4 30 235970
18 8 385230
30 21 374857
19 1 481466
7 8 126209
10 19 471766
30 31 221067
19 14 194515
31 29 158864
9 13 135523
29 5 495375
5 17 189385
5 13 140077
19 25 494518
3 22 450420
25 5 287406
32 5 53569
3 20 270149
11 10 85250
13 18 357105
10 21 74756
2 9 272191
15 17 128988
32 23 68740
27 14 284759
5 11 160724
1 19 267494
13 10 409790
3 18 253722
21 5 172162
1 11 46299
1 3 400576
29 11 142340
17 2 134979
5 25 23108
25 19 104349
16 3 150247
5 31 354839
19 11 305140
1 12 466201
31 29 94141
24 30 183229
14 30 404235
3 25 306898
6 8 371883
20 27 475614
21 28 18013
19 24 148751
13 17 446221
20 21 320927
20 7 329208
18 27 428151
29 26 190833
32 1 200692
9 22 54387
32 16 95283
31 22 132661
13 15 275352
29 2 223990
33 2 80035
4 32 68129
15 9 18632
32 26 143545
27 26 123996
4 23 285206
16 23 198314
11 26 242222
26 14 137929
4 19 21096
11 1 410167
27 18 221093
5 29 190292
8 24 498732
17 1 321998
16 1 106906
15 13 310927
3 18 171526
8 32 316837
4 28 272811
16 7 222530
12 15 274356
28 2 354116
28 3 39003
2 13 317421
5 1 43767
19 7 203736
24 27 179759
11 32 218512
13 14 19040
12 19 84009
19 26 261444
9 28 226507
17 7 296427
19 26 87934
9 25 240897
7 2 22755
7 27 68623
31 27 48412
17 16 481774
2 23 277236
24 7 255668
9 12 160313
33 6 304830
9 19 422733
14 22 418427
22 17 461535
8 15 187764
25 21 104282
6 7 239567
23 8 178847
10 13 485844
20 2 360969
5 19 257691
1 23 362747
18 5 28900
13 20 294901
2 30 416072
4 7 202857
24 6 24072
14 28 460516
21 20 179230
19 9 165413
9 2 497356
2 3 477453
14 19 340764
28 10 33955
1 5 392352
21 32 366055
13 33 215186
29 13 357205
6 15 332040
30 1 8223
6 15 250066
2 14 169708
2 10 326150
9 28 163734
24 25 390009
2 30 415932
22 31 419746
1 9 190048
21 2 353801
11 12 28953
24 16 155056
25 17 327013
6 2 259509
12 30 293616
2 21 361063
1 18 334673
27 28 26344
15 26 327885
12 30 230757
14 28 477628
30 4 290347
33 24 238982
25 17 186007
3 18 227978
6 33 140801
32 3 26785
4 25 15839
16 17 217580
20 24 116094
19 22 394338
2 18 220742
21 4 81202
13 3 456269
31 19 389548
23 10 258804
31 13 222340
5 1 479332
20 15 329449
24 16 191776
13 15 317986
1 20 320772
22 18 375568
3 15 129565
29 20 490163
20 8 495033
10 17 474570
2 28 221352
18 15 187520
32 12 10386
32 5 401206
13 24 101238
18 8 36278
20 9 350177
10 32 95518
29 33 42357
23 10 378444
22 31 301605
9 24 56970
17 24 146544
14 21 222134
28 8 79703
12 25 373555
28 13 257441
4 17 121400
3 18 441518
1 14 446593
9 29 292848
19 17 207439
32 13 329407
31 1 351044
33 26 35053
14 30 485232
29 33 30750
26 12 91537
16 28 292314
26 18 359141
1 14 105301
29 23 253876
1 30 253227
12 8 30687
1 10 17817
21 28 122275
13 27 238705
8 22 437073
6 3 104413
9 15 307224
9 29 27806
1 27 99381
5 25 100051
8 15 149098
24 20 472520
29 14 34383
26 8 208154
29 31 180637
23 6 34817
28 22 35193
12 13 137523
19 1 448074
16 6 412875
30 6 371158
30 17 103975
24 7 130998
5 33 153583
7 26 297839
30 6 445307
16 32 156463
21 5 267016
23 4 80546
26 18 268192
8 33 180949
25 29 380912
5 1 48412
27 15 352499
30 28 229631
9 30 53650
6 11 274635
10 30 320109
26 1 262728
33 5 83493
16 28 140943
7 33 264383
24 3 77545
6 20 218034
17 33 373737
11 9 153605
8 26 452645
9 26 31651
8 32 121579
30 20 278660
6 11 425383
33 16 43361
8 24 418108
19 28 410221
25 21 482089
30 32 70139
16 14 29558
5 22 144340
15 1 260368
31 24 188966
11 3 193808
24 15 415527
33 30 231367
13 3 166959
28 22 352360
10 23 203873
25 17 53311
17 10 195720
28 27 302779
20 22 365480
23 32 288464
12 25 318195
33 5 289970
28 14 36406
13 2 494285
30 18 386535
15 32 358627
28 22 498786
14 26 104173
23 12 330085
1 24 5332
29 15 49360
3 28 361557
29 17 472305
4 27 377673
7 14 359861
2 10 329869
15 18 254315
12 11 87661
4 19 434446
25 18 133150
12 29 37422
1 21 400571
3 29 94976
28 15 24759
5 32 152624
23 20 353501
29 13 45645
25 29 290462
5 22 117976
29 2 265241
11 9 399002
25 8 74941
22 18 363785
18 15 32311
27 30 273154
14 27 465246
10 33 115297
26 17 497282
27 29 394396
18 30 300892
13 27 355338
20 17 344093
32 17 273576
29 20 38270
1 15 120120
5 10 257250
17 28 71640
25 14 249803
9 6 398403
3 2 129127
33 28 349239
2 24 70950
12 4 472904
8 14 174790
24 19 248888
16 14 177313
21 28 327128
1 25 218010
2 6 489574
13 31 335664
23 10 193555
33 5 400390
5 30 245769
12 4 7091
20 22 55059
20 5 195514
2 1 59031
12 23 327177
5 19 42380
22 20 413169
31 24 274037
26 30 458197
16 26 469951
22 30 388545
31 16 321793
22 27 156441
1 3 130461
32 7 190353
21 8 282036
26 29 204574
12 10 394508
19 4 89469
3 26 29398
27 29 325106
27 29 197620
33 29 274369
24 32 276086
29 28 406710
20 2 101460
7 4 450319
21 2 310114
15 9 368707
23 7 112084
25 2 9804
16 22 131592
13 28 148840
5 32 283956
7 19 357567
10 11 301314
15 2 374526
2 20 89730
26 1 471952
21 3 313321
28 31 36359
19 29 391769
25 21 401711
6 15 76735
29 8 4992
15 14 89675
8 1 89102
6 19 59541
3 29 127867
13 18 447533
15 22 392019
15 22 173399
16 6 212216
24 2 262266
1 26 204614
27 20 101995
20 10 365974
6 15 62690
28 22 345120
1 3 32640
24 4 428844
23 25 245909
22 20 26538
29 30 225428
31 14 362324
12 26 403125
20 8 464821
13 24 220028
2 30 206494
29 26 391315
23 26 28417
1 4 364948
30 6 422591
16 20 404050
25 15 386641
13 8 278260
7 12 484554
9 5 26952
25 11 7887
27 12 29296
11 31 471085
10 28 22684
30 12 336013
4 24 221527
21 10 466247
28 27 329218
22 16 83649
27 1 73857
24 32 354652
31 2 373744
13 24 159689
4 28 255959
11 31 159630
20 15 277274
19 20 244397
29 23 88017
13 9 8893
1 33 299772
10 7 291053
7 2 447564
19 15 28579
7 28 352714
28 32 170874
22 29 252698
1 5 354388
11 8 207396
18 16 259625
4 30 263877
4 21 312247
30 29 381023
7 12 222917
2 8 216988
16 24 266297
29 14 190046
3 31 32961
25 2 113969
26 19 53803
25 15 42498
33 12 395935
23 3 389794
14 31 351429
30 9 382142
10 20 28667
4 3 432447
4 24 311785
9 18 233568
29 16 69091
14 21 48835
3 25 487190
2 3 36560
26 25 360564
10 15 238676
30 4 270838
30 31 454016
10 19 31295
20 29 499266
15 9 429371
19 12 117227
13 31 318087
3 21 46377
21 32 297328
12 7 199164
5 33 499479
22 3 98109
8 12 476126
11 2 91086
8 9 290468
14 33 493288
23 16 419490
22 12 314414
24 4 212476
3 25 479551
29 23 35125
26 19 122975
27 19 424860
26 15 209584
16 5 281149
30 21 123129
28 29 319911
19 27 165524
10 17 382847
15 17 138340
14 19 344811
12 18 340489
3 28 196750
12 11 275292
33 16 120
7 8 403864
24 20 413816
4 22 328179
20 16 223585
25 17 493350
7 6 423114
11 20 68663
7 12 32718
20 2 313415
2 24 223239
29 32 201034
10 17 483274
9 32 289256
4 16 387942
31 27 445276
25 20 62486
29 22 409850
30 26 494014
13 6 383253
2 10 89146
5 8 445120
10 4 139430
19 14 467387
8 12 277617
25 22 244677
33 9 250339
20 19 98584
16 6 267042
13 21 269621
28 13 290192
12 11 277386
8 29 191859
18 14 145648
18 30 438341
4 24 197436
11 9 274567
25 28 152252
17 29 25964
33 27 393974
30 22 70123
28 32 127046
1 10 124040
29 4 404495
24 18 112025
21 12 268325
1 25 477988
4 33 42149
33 3 499649
24 23 13789
33 2 351323
5 8 180739
29 13 43565
13 22 410417
20 29 410528
23 17 286460
29 7 199511
28 32 288583
11 10 467904
23 18 330092
31 11 431829
12 10 274694
33 20 203994
4 27 400660
21 13 168121
33 27 468700
21 3 55620
19 7 164565
8 7 218468
15 32 9585
11 4 22204
13 6 348040
30 33 108115
1 27 294156
23 1 283079
9 33 117586
33 26 47448
23 15 434126
10 20 495172
12 31 28450
11 23 63443
25 17 397385
5 17 54623
10 1 199520
25 13 65243
31 5 97551
8 15 347511
3 14 23340
28 13 223843
6 5 321465
5 28 310276
25 32 49255
1 10 224307
30 22 456114
32 18 93637
28 3 255050
16 18 419593
22 25 48514
15 24 247887
27 1 436833
27 28 8759
6 11 220125
26 31 155117
7 14 238439
24 8 425197
28 8 69051
21 10 165750
9 28 436556
16 12 26860
33 26 279047
28 26 385235
22 31 187641
13 33 290230
7 23 5317
14 9 442230
21 6 277578
25 22 234420
18 22 51414
1 7 244621
17 29 314529
19 6 257232
26 18 314495
21 27 384859
1 7 6721
5 15 85242
3 9 32325
9 30 148701
22 11 282111
19 32 440041
31 6 469307
31 2 90624
19 7 126511
5 26 351654
13 24 468269
15 8 40645
16 6 496311
22 9 472290
30 4 237508
7 15 207192
26 18 489394
2 12 116085
2 16 418813
2 15 452805
22 5 230578
8 17 461585
22 23 54687
9 31 488205
30 26 463402
11 1 22201
5 29 215397
16 12 411929
5 29 468170
33 21 399710
1 33 250002
10 20 48037
5 17 80021
17 3 176444
33 30 354608
12 16 173503
8 19 288423
22 27 42603
1 16 173467
17 25 79615
309035